213768
169920
200306
191187
99572
89141
80982
75899
71136
31213
172053
35986
91182
107841
62893
83603
212580
135401
115952
92922
116156
68701
65535
21959
42585
47919
30628
27975
36724
41210
40658
12346
7021
8452
7012
8967
31519
24856
30792
16694
22943
7682
16722
123704
57154
134927
115857
110397
58634
81535
86426
52592
172486
118207
116042
128719
174881
121787
120724
289879
286922
301401
105086
91954
239443
143360
52511
55029
109872
319493
133573
129036
66210
59819
43162
79904
114434
109102
42409
83551
64611
67522
51211
63360
32265
37092
53024
60794
52520
53188
51411
63505
34347
41058
68796
35745
31125
11034
16937
26790
22647
29465
3724
20203
38027
17785
19090
32649
28117
5448
3725
1289