213278
170643
207798
191218
100329
89828
81380
76111
72088
30854
171862
35594
91207
108353
62849
83584
205353
135727
116144
93275
116408
69289
66142
21769
42738
47970
30434
28103
36848
41130
40675
12271
6974
8374
6945
8817
31580
25020
31123
16741
23266
7542
16635
124285
58222
135220
116088
110782
59489
81725
86468
53022
173759
118307
115937
129858
177155
122923
121194
291475
289110
303116
105524
92639
240882
143675
52715
55190
110932
321769
134960
129759
66470
59888
44009
80233
115077
108757
42247
84090
65168
68117
51551
64079
32608
37321
53147
61869
52610
53203
51874
63855
34481
41515
68922
36454
31255
11219
17152
26868
22845
29588
3719
20248
38472
17666
18995
32820
28297
5405
3620
1261