213221
171241
207393
190879
100590
90356
81794
76237
72834
30518
171664
35454
91212
108459
62802
83416
205901
135819
116470
93442
116766
69566
66300
21549
43055
47921
30053
28125
36831
41213
40479
12180
6924
8297
6887
8657
31626
25084
31459
16720
23421
7402
16532
124659
58540
135131
116601
110888
60332
81833
86499
53074
174236
118322
115751
131190
178994
122974
121263
292306
290036
304310
105810
93129
241351
144061
52534
55345
111717
323720
135995
130456
66428
59896
44410
80240
115739
109006
42041
84627
65645
68046
51550
64227
33123
37447
53226
62529
52717
53268
52239
64159
34655
41984
69163
36948
31488
11373
17271
27010
22818
29504
3715
20469
38556
17471
18905
33029
28448
5327
3544
1234