212553
171828
205580
190328
101113
90393
82193
76344
74255
29343
169998
34912
91261
108747
62381
82981
206202
135251
116173
93476
117279
70028
66653
21020
42888
47637
29188
27781
36812
40993
39822
11863
6761
8059
6676
8315
31605
25192
32076
16467
23550
7127
16383
125764
59613
134409
116649
110651
61646
81062
86376
53243
174466
117490
114612
132445
182142
123403
121651
292966
292787
305219
105350
93007
242250
144207
52394
55443
112914
325549
137987
131223
66040
59799
45039
80390
116777
109803
41472
86351
66975
67971
52763
64424
33826
37138
53362
64511
52515
52901
52263
64806
34723
42906
69266
38149
31758
11440
17378
27249
23079
29552
3729
21267
38865
16953
18814
33270
29208
5061
3425
1172