214826
174603
206380
198052
104153
91520
84713
77256
76233
29163
171580
34870
92231
109998
62214
83505
209728
139653
117793
95745
119231
71292
69205
20856
43331
50031
28985
28274
38772
41383
40464
11785
6736
7888
6483
8209
31893
25977
32649
16360
24151
7050
16420
130139
62321
137918
119875
114241
69514
84383
87658
54614
179292
122485
117841
136259
187376
125809
124858
304756
301137
310239
107894
95205
247888
148324
52981
57584
116739
336757
143290
135942
67511
61066
46056
81793
122784
112066
41660
88136
69299
69155
56189
65404
35838
39041
55248
66258
53282
53352
53613
66306
35878
44599
70552
39709
32578
11935
17914
27510
23762
30573
3859
21664
39962
16961
18950
33891
30134
4971
3329
1134