214401
175075
203388
197555
104726
90705
84504
77172
77829
27483
168689
34112
91807
109952
61619
82724
209317
139235
116460
95715
119796
71510
69621
20059
42946
49651
28012
27623
38675
41492
39031
11388
6454
7569
6198
7684
31914
26041
33172
15982
23959
6707
15949
132318
63741
137868
122276
114886
71790
85431
87925
55292
180011
122200
116489
138057
193325
129049
127630
305492
305978
311891
107439
95608
250326
149143
52484
57464
118942
339553
146154
137236
67129
60933
46950
81959
123680
112278
40628
90042
70801
69609
56870
66300
36668
39299
55885
68429
52416
52837
54426
67625
35978
46065
71293
42399
33185
12202
18453
27749
24604
30986
3767
22418
40286
16294
18773
34241
31051
4634
3120
1035