213638
175191
202397
197681
105009
90531
84412
77004
78387
26922
167767
33980
91741
109902
61161
82479
209250
139203
116245
95931
119936
71649
70070
19708
42732
49391
27661
27482
38818
41320
38688
11207
6379
7471
6082
7497
31823
26342
33361
15863
23965
6526
15743
132691
64131
138219
122599
115765
73282
86425
88649
55353
180735
121908
116377
139181
194627
130073
128461
305832
308266
312682
107278
96128
251095
149807
52431
57948
120080
341249
147263
137873
66899
61029
47154
82136
123869
112379
40209
90518
71793
69813
57294
66659
37290
39488
56157
69239
51959
52721
54733
68296
36023
46557
71552
43112
33554
12317
18686
27975
25014
31203
3799
22633
40466
16137
18659
34297
31589
4487
3005
1019