250623
151606
196201
30628
50512
53789
33198
52595
31603
28432
11244
3144
2809
6859
10495
8837
1378
13394
10057
7115
12956
11999
11614
12578
15083
8853
4377
16524
9148
19754
5010
6166
2113
2140
10226
16698
5701
17588
11919
2674
237355
50378
34038
84848
74515
30963
25563
107622
20372
34153
25435
24997
104358
15420
6608
13179
42285
27645
21379
6081
13224
7158
5519
13573
16172
9692
3325
2600
9016
4045
5670
16183
12656
225022
148548
105012
176343
168857
134941
48244
62434
31716
57006
26600
49872
35333
71435
65320
34812
110966
10910
1497
18924
10167
31424
8527
13557
29038
14403
13193
16811
26394
19820
7698
35376
4406
6246
21949
15013
21460
8675
14695
267405
51395
85261
67732
28935
44498
29859
72413
28910
77149
32217
23555
26089
5267
2568
3509
16954
7457
9683
5840
4703
2568
18934
14817
2464
203585
71314
113642
93432
31575
34921
28806
22964
24317
50417
37459
16352
28074
12661
10170
16861
5592
6933
7929
7071
5334
8533
5374
7898
3226
4327
4678
20810
14882
7568
13039
6952
6314
19503
13710
236135
102213
266693
282721
51863
63979
43909
30877
50147
34362
58430
55532
25212
10996
8680
13500
6891
10276
5372
5715
504
4337
15575
2732
6736
3223
13408
14629
2841
3529
1842
2374
1444
19752
15601
5567
4193
14686
12321
5521
8286
3428
14616
5904
5797
5741
5216
15654
9602
4351
6512
12697
2637
8912
5878
17631
1315
6887
5406