247755
150516
195981
29883
49450
53208
33248
51849
30407
27865
10676
2917
2699
6378
9924
8354
1297
13196
9563
6947
12577
11719
11022
12320
14537
8901
4257
16097
9019
20012
4914
6010
1987
2061
9850
16174
5459
16992
11833
2507
241079
48358
32835
83951
75788
30648
25104
106031
17390
31627
24804
24199
102947
15093
6278
12763
43574
27788
21429
5752
13269
6941
5424
10867
14349
9225
3163
2536
8727
3860
5472
15632
12160
238255
150684
106339
181701
174807
125652
47530
57925
31007
58036
26188
49525
34995
70494
63292
32623
111431
10791
1414
19212
9870
31668
8168
13100
27851
11664
12979
16207
28014
21337
7440
37663
4474
6086
21478
14701
21258
6767
12573
267155
50029
83008
66386
27661
42864
28901
70538
28553
75083
31057
22815
25225
5059
2405
3342
16302
7137
9301
5603
4494
2542
18319
14232
2358
205091
70580
112063
91960
31273
34869
28030
22378
23862
50786
38242
15553
27754
12484
10036
16534
5290
6619
7705
6716
5146
8196
5135
7566
3087
4076
4447
20551
14328
7178
12771
6692
6247
19066
13218
233642
101454
264035
276088
51363
63310
42970
29628
48671
33575
54373
54035
25060
10591
8399
12916
6884
10247
5208
5442
481
4143
14956
2589
6381
3129
13129
14246
2736
3307
1713
2216
1357
19031
15971
5490
4131
14512
12039
5327
7984
3275
14176
5750
5653
5626
4989
15229
9276
4256
6284
11750
2466
8604
5373
16292
1284
6538
5263