246847
149787
195658
29430
48870
53140
33097
51187
29783
27458
10350
2769
2605
6145
9635
8101
1276
13065
9273
6907
12368
11545
10645
12055
14292
9083
4127
15854
8884
20211
4782
5876
1887
1987
9546
15865
5309
16607
11751
2417
242469
47874
32877
83219
75978
30561
24754
104319
17380
31115
24394
23753
102106
44150
14875
6051
12511
27751
21778
5544
13272
6825
5321
10643
14104
8879
3100
2482
8508
3800
5339
15276
11900
242842
153562
108017
185026
176712
124995
47362
57399
30462
60328
25757
50092
35452
69889
61965
32662
111005
10719
1352
19325
9730
31710
8020
12795
28186
11033
12846
16006
28667
22162
7261
39006
4617
6075
21096
14534
21243
6155
11989
266676
49018
81536
65497
26821
41939
28254
69357
28410
74048
30334
22207
24638
4921
2324
3220
15839
6919
9040
5481
4425
2594
17895
13934
2303
205786
69994
110663
90618
30925
34717
27506
21973
23486
50858
38682
15095
27447
12352
9928
16439
5113
6488
7443
6505
5049
7922
5010
7329
3009
3905
4302
20235
13866
6937
12471
6484
6227
18813
12841
235136
101160
266923
275218
51326
63413
42323
29549
48091
33071
54289
53440
25028
10485
8292
12640
6902
10265
5107
5295
493
4025
14652
2514
6166
3055
12885
14090
2705
3187
1644
2116
1263
18462
16014
5458
4188
14513
12004
5228
7948
3216
13895
5683
5541
5559
4874
15111
9147
4268
6187
11505
2414
8516
5271
15944
1271
6535
5238