245037
148825
194963
29254
48383
52881
32833
50656
29313
27200
10135
2703
2571
5982
9457
7921
1235
12965
9122
6850
12186
11427
10427
11978
14110
9069
4083
15636
8801
20320
4719
5818
1850
1946
9336
15754
5191
16520
11742
2351
242096
47327
32572
82651
76142
30374
24481
103142
17271
30697
24063
23456
101215
44194
14710
5906
12260
27709
21969
5426
13186
6724
5210
10520
13915
8707
3057
2453
8375
3765
5254
15134
11662
243944
154263
109353
185672
176723
124447
47027
56896
30118
61082
25540
50147
35700
69282
61183
32783
110561
10620
1310
19263
9649
31716
7895
12499
28215
10912
12783
15935
28793
22604
7151
39434
4689
6018
20718
14444
21198
5946
11623
265775
48460
80529
64786
26414
41385
27865
68528
28372
73092
29821
21994
24255
4796
2272
3132
15577
6759
8856
5388
4366
2567
17656
13643
2263
205440
69298
109733
89781
30603
34515
27202
21576
23266
50947
38730
14751
27132
12237
9845
16283
5006
6360
7420
6381
4953
7781
4910
7154
2956
3827
4233
20015
13636
6795
12343
6369
6195
18654
12596
235599
100599
268049
274363
51135
63349
41907
29542
47597
32659
54088
52971
25046
10385
8149
12419
6903
10308
4979
5275
483
3963
14392
2460
6016
3009
12684
13856
2732
3120
1593
2053
1229
18176
16142
5424
4175
14572
11906
5169
7827
3166
13737
5738
5467
5508
4812
14925
9016
4302
6184
11402
2438
8458
5209
15765
1257
6580
5209