212576
171817
206405
190410
100743
90452
82104
76230
73574
29984
171062
35130
91248
108622
62536
83243
206218
135528
116505
93488
116826
69655
66522
21309
42944
47810
29595
27958
36711
41037
40230
12090
6862
8190
6826
8479
31556
25102
31877
16560
23479
7293
16475
125395
59006
134824
116537
110408
60868
81471
86288
53238
174541
118205
115362
132077
180084
123190
121513
292883
290851
304791
105561
93104
241684
144055
52440
55493
112350
324670
137281
130858
66234
59793
44622
80309
116383
109352
41790
85508
66240
67996
52005
64170
33591
37300
53317
63337
52607
53137
52355
64351
34697
42406
69181
37360
31655
11202
17296
27111
22952
29465
3724
20950
38752
17223
18872
33204
19311
5194
3497
1205