215117
175048
205935
197910
104245
91298
84462
77572
76726
28759
170962
34704
92294
110167
62203
83380
209846
139222
117450
95850
119541
71459
69301
20761
43317
50016
28743
28131
38774
41454
39957
11648
6653
7823
6417
8070
31929
26031
32837
16292
24018
6986
16303
131013
62729
138163
120252
114479
70266
84673
87635
55005
179289
122207
117419
137070
188846
126926
125805
305068
302059
310644
107817
95383
248542
148641
52775
57527
117249
337988
144132
136019
67254
60900
46382
81896
123055
112461
41443
88852
69711
69207
56389
65723
36025
38967
55448
66655
53218
53278
53748
66572
35851
45039
70740
40439
32777
12051
18046
27580
24056
30692
3810
21885
40093
16844
18877
34094
30496
4908
3280
1109