215019
175065
204750
197890
104534
90967
84264
77281
77241
28194
169803
34314
91956
110064
62002
83090
209628
139234
117031
95628
119846
71351
69501
20428
43039
49889
28370
27893
38662
41463
39571
11539
6565
7690
6319
7875
31968
26043
32953
16129
23928
6900
16123
131638
63327
137808
121018
114378
70895
85175
87751
55029
179605
122196
116934
137530
191059
128365
126627
305263
303806
311430
107657
95367
249404
148823
52493
57393
118328
338521
145157
136537
67339
60770
46671
81869
123520
112434
40993
89353
70271
69244
56334
66073
36265
39181
55538
67547
52848
53138
54118
67154
35914
45320
71087
41636
32991
12055
18259
27663
24234
30874
3792
22236
40236
16652
18905
34059
30631
4743
3206
1082