17
22
33
34
35
9999
2
11
22
36
9999
3
5
16
26
39
9999
4
6
24
42
43
47
51
65
122
141
9999
5
3
13
16
27
32
9999
6
4
23
41
51
9999
7
14
15
16
25
31
44
9999
8
9
16
23
41
9999
9
8
16
20
24
31
41
9999
10
2
11
21
22
37
9999
11
2
10
12
9999
12
11
9999
13
1
5
27
32
33
35
61
9999
14
7
20
31
44
196
201
9999
15
3
7
16
25
39
9999
16
3
5
7
8
9
15
23
27
31
9999
17
1
22
34
36
9999
18
19
28
29
30
9999
19
18
25
28
29
215
9999
20
9
14
31
196
9999
21
10
22
35
37
57
61
69
9999
22
1
2
10
17
21
35
36
9999
23
6
8
16
27
41
51
52
9999
24
4
9
41
43
9999
25
7
15
19
29
38
39
40
215
220
9999
26
3
5
29
32
9999
9999
27
5
13
16
23
52
60
61
9999
28
18
19
183
215
222
9999
29
18
30
32
9999
30
18
29
32
33
34
31
7
9
14
16
20
9999
32
5
13
26
29
30
33
9999
33
1
13
30
32
9999
34
1
17
30
9999
35
1
13
21
22
61
9999
36
2
17
22
9999
37
10
21
53
69
9999
38
25
26
29
39
9999
39
3
15
25
26
38
9999
40
7
25
44
191
219
9999
41
4
6
8
9
23
24
9999
42
4
43
141
148
9999
43
4
24
42
9999
44
7
14
40
201
210
219
9999
45
49
50
52
56
58
59
63
64
66
67
9999
46
72
10
76
104
9999
47
49
51
58
64
65
100
122
9999
46
47
49
72
76
81
100
9999
49
45
47
50
64
81
9999
50
45
49
55
66
75
81
95
9999
51
47
52
58
65
4
6
23
9999
52
45
51
58
59
60
62
63
23
27
9999
53
54
55
56
68
69
37
9999
54
53
55
56
66
9999
55
50
53
54
66
68
9999
56
45
53
54
57
66
67
69
9999
57
56
61
62
67
69
21
9999
58
45
47
51
52
59
64
9999
59
45
52
58
9999
60
52
61
62
27
9999
61
57
60
62
13
21
27
35
9999
62
52
57
60
61
63
67
9999
63
45
52
62
67
9999
64
45
47
49
58
9999
65
47
51
4
9999
66
45
50
54
55
56
9999
67
45
56
57
62
63
9999
68
53
55
9999
69
53
56
57
21
37
9999
70
71
72
73
75
77
82
83
99
9999
71
70
77
78
79
80
82
88
90
94
99
172
9999
72
70
73
10
75
81
46
9999
73
70
72
10
81
99
123
129
9999
10
72
73
81
103
104
46
116
129
9999
75
70
72
77
81
93
95
96
98
50
9999
76
100
101
102
104
46
9999
77
70
71
75
82
83
89
93
94
9999
78
71
85
86
88
99
119
171
172
9999
79
71
80
86
88
9999
80
71
79
86
9999
81
72
73
10
75
49
50
9999
82
70
71
77
83
9999
83
70
77
82
9999
84
85
87
119
9999
85
78
84
86
87
119
168
9999
86
78
79
80
85
87
88
9999
87
84
85
86
9999
88
71
78
79
86
9999
89
77
90
92
93
94
98
93
9999
90
71
89
91
92
94
9999
91
90
92
93
9999
92
89
90
91
93
9999
93
75
77
89
98
9999
94
71
77
89
90
9999
95
75
96
98
50
9999
96
75
95
98
9999
75
77
9999
98
75
89
93
95
96
9999
99
70
71
73
78
172
9999
100
76
101
47
122
127
9999
101
76
100
102
127
9999
102
76
101
103
104
116
118
9999
103
10
102
104
116
9999
104
10
76
102
103
46
9999
105
106
107
115
130
144
9999
106
105
107
108
130
9999
107
111
109
110
105
106
108
9999
108
106
107
111
113
114
130
146
9999
109
107
110
111
112
9999
110
105
107
109
112
136
137
144
9999
111
107
108
109
112
113
9999
112
109
110
111
113
117
133
134
136
9999
113
108
111
112
114
117
9999
114
108
113
117
125
132
146
153
9999
115
105
120
130
144
147
149
150
152
155
161
9999
116
118
124
128
129
158
159
162
10
102
103
9999
117
112
114
131
132
133
134
106
256
9999
118
116
122
127
128
102
9999
119
121
164
165
166
168
169
171
78
84
85
288
9999
120
115
135
126
155
277
271
276
279
285
9999
121
119
135
150
156
157
164
165
263
288
9999
122
118
127
128
141
4
47
100
9999
123
129
166
167
171
172
73
9999
124
116
147
158
159
161
162
163
9999
125
114
132
153
174
175
176
9999
126
115
120
121
135
150
9999
127
118
122
100
101
9999
128
116
118
122
140
141
142
162
9999
129
116
123
159
173
73
10
9999
130
105
108
106
115
140
146
154
161
9999
131
117
132
143
145
151
256
9999
132
114
117
125
131
151
176
9999
133
112
117
134
9999
134
112
117
133
136
138
254
9999
135
120
121
263
285
9999
136
110
134
137
138
139
255
9999
137
110
136
139
144
155
9999
138
134
136
254
255
9999
139
120
136
137
155
255
277
278
284
9999
140
128
130
141
142
146
154
161
9999
141
122
128
140
146
148
153
174
175
4
42
9999
142
128
140
161
162
9999
143
131
145
256
257
9999
144
105
110
115
137
152
155
9999
145
143
151
188
199
257
9999
146
108
130
140
141
153
154
9999
147
115
124
149
150
156
161
163
9999
148
141
175
42
9999
149
115
147
150
9999
150
115
121
147
149
156
9999
151
131
132
145
176
199
9999
152
115
144
155
9999
153
105
125
141
146
174
9999
154
130
140
146
9999
155
115
120
137
139
144
152
9999
156
121
147
150
157
163
9999
157
121
156
163
164
9999
158
116
124
159
9999
159
116
124
129
158
160
163
164
173
9999
160
159
164
169
173
9999
161
115
124
130
140
142
147
162
9999
162
116
124
128
142
161
9999
163
124
147
156
157
159
164
9999
164
119
121
157
159
160
163
165
169
9999
165
119
121
164
9999
166
119
123
167
169
171
173
9999
167
123
166
173
9999
168
119
85
9999
169
119
160
164
166
173
9999
123
129
167
173
9999
171
119
123
166
172
78
9999
172
123
171
71
78
99
9999
173
129
159
160
166
167
169
9999
174
125
141
153
175
9999
175
125
141
148
174
9999
176
125
132
151
9999
177
182
180
179
181
198
9999
178
179
182
192
195
207
200
9999
179
177
180
178
182
207
9999
180
177
179
181
192
207
209
193
9999
181
177
180
190
193
198
9999
182
177
178
179
195
9999
183
222
28
9999
184
185
188
203
206
258
9999
185
184
195
200
203
211
9999
186
213
9999
187
198
204
208
9999
188
184
196
199
203
145
257
258
9999
196
199
9
20
24
42
43
125
148
151
175
176
9999
190
181
198
228
229
230
231
232
9999
191
210
212
215
218
219
220
221
225
40
9999
192
177
200
207
209
210
218
9999
193
180
209
216
224
9999
183
214
215
222
9999
195
178
182
185
200
9999
196
188
199
201
203
210
211
14
20
9999
197
202
217
233
234
9999
198
177
181
187
190
204
208
231
232
233
9999
199
188
196
145
151
9999
200
178
185
192
195
210
211
9999
201
196
210
14
44
9999
202
197
204
205
213
233
235
9999
203
184
185
188
196
211
9999
204
187
198
202
205
233
9999
205
202
204
235
9999
206
184
258
9999
207
178
179
180
192
9999
208
187
198
9999
209
180
181
192
193
212
216
218
9999
210
191
192
196
200
201
211
218
219
44
9999
211
185
196
200
203
210
9999
212
191
209
216
218
225
9999
213
186
202
235
9999
214
215
221
226
9999
215
191
214
220
221
222
19
25
28
9999
216
193
209
212
224
225
226
9999
217
197
227
228
233
234
9999
181
190
193
224
230
9999
218
191
192
209
210
212
9999
219
191
210
40
44
9999
220
191
215
25
9999
221
191
214
215
225
226
9999
222
183
215
28
9999
224
193
216
9999
225
191
212
216
221
226
9999
226
214
216
221
225
9999
227
217
228
229
9999
228
190
217
227
229
232
233
9999
229
190
227
228
230
9999
230
190
229
9999
231
190
198
232
9999
232
190
198
228
231
233
9999
233
197
198
202
204
217
228
232
9999
234
197
217
9999
235
202
205
213
9999
236
239
240
241
242
243
237
238
9999
237
236
238
241
242
243
9999
238
236
237
239
243
244
248
9999
239
236
238
240
248
249
251
9999
240
236
239
241
251
252
253
9999
241
236
237
240
242
253
9999
242
237
241
243
253
256
257
258
9999
243
237
242
244
246
258
9999
244
243
245
246
248
9999
245
244
246
247
248
9999
246
243
244
245
247
316
9999
247
245
246
248
250
262
266
275
316
9999
248
238
239
244
245
247
249
250
9999
249
239
248
250
251
255
9999
250
247
248
249
255
261
262
9999
251
239
240
249
252
254
255
9999
252
240
251
253
254
256
117
134
9999
253
240
241
242
252
256
9999
254
251
252
255
134
138
9999
255
249
250
251
254
261
284
136
138
139
9999
256
242
252
253
257
117
131
143
9999
257
242
256
258
143
145
188
9999
258
242
243
257
184
188
206
9999
259
265
267
270
274
280
283
287
330
9999
260
265
269
270
272
273
274
276
279
9999
261
250
255
262
268
284
9999
262
247
250
261
266
268
9999
263
282
283
285
286
288
121
135
9999
264
266
268
270
272
273
280
281
9999
265
259
260
270
274
9999
266
247
262
264
268
275
281
316
9999
267
259
280
298
316
330
276
9999
268
261
262
264
266
269
272
284
9999
269
260
268
271
272
276
278
284
9999
270
259
260
264
265
273
280
9999
271
269
276
277
278
120
9999
272
260
264
268
269
273
9999
273
260
264
270
272
9999
274
259
260
265
279
282
283
285
9999
275
247
266
316
9999
276
260
269
271
279
120
9999
277
271
278
120
139
9999
278
269
271
277
284
139
9999
279
260
274
276
285
120
9999
280
259
264
267
270
281
316
9999
281
264
266
280
316
9999
282
263
274
283
285
9999
283
259
263
274
282
286
287
288
9999
284
255
261
268
269
278
139
9999
285
263
274
279
282
120
135
9999
286
263
283
9999
287
259
283
288
330
288
9999
288
263
283
287
119
121
288
9999
289
239
9999
290
239
9999
291
239
9999
292
239
9999
293
239
9999
294
239
9999
295
239
9999
296
239
9999
297
239
9999
298
299
306
316
317
9999
299
298
300
303
306
310
9999
300
299
301
302
303
9999
301
300
302
304
9999
302
303
300
301
307
308
9999
303
299
300
302
307
309
310
9999
304
301
302
305
308
312
9999
305
304
312
323
325
329
9999
306
298
299
310
315
317
318
319
9999
307
302
303
308
309
312
313
325
326
9999
308
302
304
307
312
9999
309
307
310
303
311
313
9999
310
299
306
311
303
309
314
315
267
9999
311
309
310
313
334
267
9999
312
304
305
307
308
325
9999
313
307
309
311
326
334
9999
314
310
315
321
322
267
9999
315
306
310
314
319
321
9999
316
317
298
246
9999
317
316
318
298
306
246
9999
318
317
319
306
246
247
9999
319
318
320
321
306
315
247
9999
320
319
321
322
247
266
275
281
9999
321
319
320
322
314
315
9999
322
320
321
314
281
280
267
9999
323
305
329
331
340
9999
324
328
332
333
335
341
342
344
9999
325
312
307
305
326
329
9999
326
313
307
325
328
276
336
339
341
9999
327
338
343
344
345
348
349
350
351
9999
328
324
326
341
9999
329
305
323
325
340
9999
330
337
334
333
352
347
267
259
287
9999
331
323
9999
332
324
333
335
344
345
346
347
9999
333
330
324
332
335
336
337
341
352
9999
276
311
330
326
336
337
339
267
9999
335
324
332
333
9999
336
326
333
276
337
339
341
9999
337
330
333
276
336
9999
338
327
347
348
349
9999
339
326
276
336
9999
340
323
329
9999
341
324
326
328
333
336
9999
342
324
343
9999
343
324
327
342
344
9999
344
324
327
332
343
345
9999
345
327
332
344
346
348
9999
346
332
345
347
348
9999
347
330
332
338
346
9999
348
327
338
345
346
9999
349
327
338
351
9999
350
327
351
9999
351
327
349
350
9999
352
330
333
9999
330
332
333
347
352
9999
