212556
52131
34527
63769
37917
34592
28019
27314
5189
1757
2496
22003
5978
9047
4444
7080
9507
12094
17586
26174
11869
10857
9801
12935
342813
89587
47773
27681
52631
44819
29952
59049
13713
14219
23837
2814
13564
21296
8682
19500
16958
418135
142641
72538
33123
102524
93671
40066
32512
76188
36861
28304
6508
9057
25622
18383
15921
10090
3861
10125
21641
277062
14627
16898
39992
24548
20716
19117
14378
30145
28092
24232
2801
3187
2599
2729
1268
873
3395
3510
4607
3890
418
22313
6179
7012
11991
5796
3380
4931
5751
16890
5443
1546
11324