211852
51542
34109
63155
37383
34077
27375
26370
5053
1697
2390
21865
5764
8773
4260
6855
9223
12269
17782
26678
11737
10703
9423
12836
343906
90040
47008
27501
52218
43997
29370
58185
13351
13940
23632
2762
13600
20995
8495
19400
16685
418903
140356
70723
32434
101848
93194
39202
32206
75708
35946
28128
6344
8669
25438
18281
15469
9658
3791
9851
20982
276214
14123
16478
39558
24260
20185
18777
13918
29842
28034
23682
2674
3090
2512
2650
1231
828
3363
3414
4376
3773
399
21833
5866
6842
11819
5580
3286
4786
5561
16483
5199
1503
11004