212270
50205
33051
61746
36100
32805
25998
24189
4722
1455
2167
21722
5142
7860
3864
6293
8593
12421
18433
27748
11496
10402
8455
12375
349203
91801
45468
26872
51277
42516
27720
56398
12594
13283
23544
2680
14526
20645
8042
19648
16126
423105
137324
66788
30253
100140
92169
37387
31388
74369
34056
27704
6172
7724
25306
17928
14541
8755
3610
9255
19505
275776
12762
15455
39388
23372
19032
18040
12676
29141
27823
22857
2390
2905
2403
2483
1167
784
3216
3104
3741
3479
358
20427
5176
6291
11162
5183
3106
4479
5178
15423
4733
1445
10179