9
11
12
13
18
19
20
9999
2
19
20
21
31
9999
3
1
9
9999
4
3
9
16
9999
5
6
7
12
22
1
1
9999
6
5
7
22
6
31
9999
7
5
6
8
13
14
25
31
6
30
35
41
9999
8
7
14
23
24
29
32
50
72
81
9999
9
1
3
4
10
11
14
9999
10
9
11
13
14
9999
11
1
9
10
13
9999
12
5
13
1
22
9999
13
1
5
7
10
11
12
14
9999
14
4
7
8
9
10
13
16
17
64
72
78
9999
15
16
17
9999
16
4
14
15
17
9999
17
14
15
16
73
77
78
9999
18
1
2
19
9999
19
1
2
18
20
9999
20
1
2
9999
21
2
20
22
31
9999
22
5
1
21
31
9999
23
7
8
24
9999
24
8
23
32
41
9999
25
27
30
35
38
41
7
9999
26
27
28
37
38
40
41
9999
27
25
26
37
38
9999
28
26
32
39
40
41
9999
29
32
8
50
9999
30
25
31
35
7
7
9999
31
2
6
7
30
21
22
9999
32
28
29
39
40
41
8
24
9999
33
34
9999
34
33
9999
35
25
30
7
9999
36
9999
37
26
27
9999
38
25
26
27
41
9999
39
28
32
41
9999
40
26
28
32
9999
41
25
26
28
32
38
39
7
8
24
9999
42
43
52
54
55
56
9999
43
42
47
52
9999
44
51
59
60
61
68
70
9999
45
48
51
58
9999
46
47
50
83
84
9999
47
43
46
52
54
84
9999
48
45
49
51
57
9999
49
48
55
56
57
9999
50
46
8
29
80
81
82
83
9999
51
44
45
48
54
57
60
9999
52
42
43
47
54
9999
53
1
9999
54
42
47
51
52
56
57
84
85
91
9999
55
42
49
56
9999
56
42
49
54
55
57
9999
57
48
49
51
54
56
9999
58
45
9999
59
44
60
70
92
9999
60
44
51
59
92
9999
61
44
68
9999
62
65
66
82
84
9999
63
73
74
77
9999
64
71
72
76
78
79
14
9999
65
62
71
72
80
82
9999
66
62
67
84
87
90
9999
67
66
86
87
91
9999
68
69
70
93
94
44
61
9999
69
68
70
93
94
9999
70
68
69
92
94
44
59
9999
71
64
65
72
79
9999
72
64
65
71
80
81
8
14
9999
73
63
77
17
9999
74
63
75
77
9999
75
74
76
77
9999
76
64
75
77
78
9999
77
63
73
74
75
76
78
17
9999
78
64
76
77
14
17
9999
79
64
71
9999
80
65
72
81
82
50
9999
81
72
80
8
50
9999
82
62
65
80
83
84
50
9999
83
82
84
46
50
9999
84
62
66
82
83
85
88
90
46
47
54
9999
85
84
88
91
54
9999
86
67
91
92
9999
87
66
67
88
90
91
9999
88
84
85
87
90
91
9999
91
92
51
54
60
9999
90
66
84
87
88
9999
91
67
85
86
87
88
92
54
9999
92
70
86
91
59
60
9999
93
68
69
9999
94
68
69
70
9999
70
92
9999
