63008
113065
142929
55941
64195
38773
126968
51536
232856
86387
76403
85170
32707
26168
50964
35204
57728
68366
41415
30695
47211
167747
38529
55554
34709
49949
26813
10808
7032
10914
12477
4536
6998
9539
4090
5813
322
340605
149282
37927
45952
27376
35296
39763
27598
47945
76944
2144
18971
23028
22921
12490
357556
50418
87392
28207
15909
61758
20531
28128
90106
37800
4533
35177
28521
21042
20654
12698
16387
9108
19114
214617
53752
25648
31174
22119
53418
25343
66948
73926
16027
2922
9931
19853
9167
9065
7192
13511
158157
42226
25879
31441
24920
25348
57048
41202
57364
57342
22597
29637
23700
15158
1304
13700
8252
13999
12963
1681
3766
6820
4797
2533
20251
789
694
309957
194764
129853
44067
86141
41993
43096
35758
56987
27416
38058
25534
20328
45033
54101
79984
51541
25107
79062
4611
3451
2700
948
735
10566
15405
11363
6715
4041
6085
18604
12753
6213
17844
19996
8234
10819
4298
7111
11321
10698
4739
5760
454
1051
3253
562
1673
1598
5659
5674
1100
4648
4266
2860
833
3673
11054
2751
1807
6850
3902
4863
8890
8042
7458
2952
13364
9482
6367
12396
4442
3509
8448
2804
10585
2102
334847
128334
76155
93321
73958
68344
19421
32491
53963
45436
38821
50389
116917
76865
24926
37881
23533
28105
38875
31051
31914
18190
17661
26501
22647
7026
16571
7627
12225
20971
18762
19288
13906
6496
4638
8727
4177
10825
8760
2371
15647
1438