63122
113225
143463
56277
64422
38757
127431
51415
232584
86149
76285
84968
32578
25999
50526
35248
57281
68330
41096
30408
46892
167170
38389
54873
34488
49746
26675
10954
7139
10833
12290
4508
6975
9460
4064
5746
319
341187
148685
37634
45549
27443
35165
39762
27487
47439
76779
2169
18777
22870
22768
12328
358346
49886
87481
27756
15614
61469
20350
28216
90355
38026
4536
35654
28861
21069
20381
12571
16339
8954
18848
214806
53872
25573
30976
21957
53664
25284
66636
74081
15917
2885
9900
19817
9062
8975
7143
13403
157705
42097
25798
31279
24677
25292
57390
41185
57495
57364
22443
29385
23674
14915
1275
13505
8106
13898
13054
1665
3739
6898
4807
2524
20391
754
669
310055
192701
129669
43901
85790
41644
42933
35627
56805
27282
37996
25351
20219
45144
54251
80138
51338
25125
79094
4543
3404
2661
950
731
10503
15598
11505
6677
4043
6019
18388
12693
6334
17732
20088
8261
10945
4262
7071
11278
10714
4650
5695
456
1029
3264
552
1636
1568
5657
5678
1089
4583
4234
2844
808
3631
10919
2698
1797
6885
3883
4768
8912
8089
7447
2919
13313
9379
6351
12261
4399
3456
8364
2735
10598
2063
334707
128112
75721
93448
73914
68024
19376
32471
54187
45231
39062
50292
117147
77154
24707
38330
23247
28221
38528
30791
31803
18387
17696
26483
22586
6966
16480
7734
12207
20728
18840
19369
14037
6391
4601
8727
4115
10741
8619
2333
15692
1422