63061
113608
143984
56615
64592
38795
127899
51304
232148
85930
75952
84890
32451
25764
50159
35185
56852
68203
40626
30158
46681
167223
38252
54294
34237
49544
26545
10969
7142
10754
12063
4421
6949
9379
4034
5666
309
341574
148168
37386
45150
27463
35080
39779
27373
47072
76644
2183
18690
22774
22667
12188
359747
49438
87204
27281
15343
61160
20127
28160
90511
38155
4507
36253
28969
21199
20111
12450
16276
8813
18460
214773
53981
25572
30777
21811
53695
25077
66506
74151
15888
2844
9816
19727
8984
8936
7078
13332
157948
41844
25646
31170
24302
25272
57610
41231
57937
57302
22331
29165
23783
14853
1215
13271
7994
13807
13175
1653
3721
6960
4845
2560
20486
730
650
312136
193090
129488
43614
85519
41412
42905
35539
56614
27182
37897
25115
20073
45240
54450
80432
51151
25137
79189
4496
3391
2653
952
723
10394
15686
11667
6648
4030
6006
18312
12725
6408
17634
20016
8243
11065
4267
7084
11272
10733
4594
5638
442
1006
3248
530
1594
1562
5630
5664
1074
4519
4181
2823
800
3587
10807
2661
1770
6951
3890
4717
8862
8124
7445
2845
13306
9381
6291
12121
4385
3386
8285
2691
10493
2045
334410
128311
75532
93349
73771
67783
19189
32358
54297
44944
39561
50196
117294
77254
24555
38621
22996
28237
38280
30603
31641
18474
17767
26366
22572
6913
16539
7720
12171
20566
18849
19432
14056
6366
4611
8735
4052
10604
8512
2309
15688
1407