63067
113576
144528
56666
64575
38679
128328
51096
231596
85539
75557
84727
32238
25526
49679
35081
56253
68097
40154
29919
46393
166691
37970
53542
33889
49341
26450
11046
7148
10720
11880
4392
6921
9282
4051
5562
315
341636
147487
37073
44664
27472
34950
39892
27118
46620
76456
2198
18574
22648
22501
11986
360785
48958
87034
26824
15046
60600
19938
28103
90559
38215
4555
36891
29119
21323
19868
12308
16176
8678
18194
214798
54243
25439
30409
21659
53760
24968
66347
74031
15860
2796
9696
19627
8950
8894
7032
13215
157535
41743
25553
30948
23962
25303
57652
41260
58170
57518
22105
28869
23920
14720
1162
13006
7839
13675
13507
1643
3739
7036
4840
2568
20664
711
636
311986
193481
129140
43216
85129
41275
42705
35475
56521
27175
37783
24995
19855
45218
54482
80513
51069
25054
79348
4444
3367
2638
942
712
10336
15900
11824
6567
3984
5943
18248
12658
6427
17545
20050
8222
11143
4229
7087
11285
10750
4513
5605
445
995
3230
518
1529
1548
5581
5614
1044
4433
4081
2762
794
3566
10759
2618
1744
6952
3904
4637
8850
8155
7396
2787
13199
9378
6227
11862
4334
3347
8208
2631
10394
2022
334088
128699
75243
93238
73850
67404
19003
32104
54252
44733
39814
50007
117590
77467
24285
38892
22703
28215
37972
30350
31445
18556
17751
26221
22562
6797
16381
7698
12141
20287
18875
19412
14052
6419
4589
8672
3972
10477
8390
2277
15646
1414