63038
113630
145307
56707
64544
38720
128459
50846
230875
85072
75034
84487
31867
25311
49137
34984
55730
68041
39734
29661
45966
165714
37764
52798
33474
48969
26286
11065
7056
10698
11622
4354
6926
9200
4032
5525
304
341578
146911
36828
44219
27358
34845
39828
26879
46176
76217
2204
18477
22493
22289
11836
361476
48450
86868
26388
14769
59833
19776
28055
90302
38367
37838
4607
29246
21392
19660
12122
16007
8496
17874
214741
54230
25326
30013
21485
53922
24816
66160
74129
15768
2750
9603
19421
8840
8829
7007
13137
156954
41567
25468
30793
23729
25176
57639
41231
57991
57574
21884
28680
24065
14555
1112
12719
7746
13588
13755
1619
3706
7070
4827
2596
20832
693
612
311928
193982
129200
42856
84824
41169
42501
35429
56233
27034
37637
24763
19577
45224
54528
80400
50959
24982
79642
4407
3328
2621
912
695
10239
16068
11917
6551
3960
5844
18118
12549
6459
17366
20005
8205
11297
4251
7096
11254
10668
4457
5555
425
961
3208
529
1490
1518
5525
5597
1013
4395
4022
2744
772
3528
10568
2602
1717
6995
3900
4526
8853
8186
7362
2732
13095
9358
6202
11725
4288
3296
8100
2599
10272
1955
333945
128722
74959
93115
73704
67108
18787
31988
54153
44420
40105
49730
117717
77390
24065
39234
22393
28117
37550
29974
31090
18603
17789
26015
22483
6725
16271
7644
12125
19967
18885
19434
14058
6465
4599
8653
3878
10335
8242
2259
15641
1394