63432
114599
146853
56892
64562
38663
129432
50668
231647
84954
74926
84498
31723
25104
48891
34986
55453
68195
39503
29462
45651
165614
37675
52133
33194
49373
26137
11181
6988
10610
11369
4278
7017
9073
3991
5457
302
345940
148401
36837
44113
27490
35043
40309
26933
46324
77272
2241
18516
22513
22362
11753
366446
48357
87792
25982
14532
59701
19718
28223
90771
39037
38924
4609
29543
21630
19348
12096
16049
8293
17653
217927
54795
25381
30184
21464
54795
24837
68362
75200
15883
2676
9540
19395
8721
8930
7033
13162
160614
41910
25845
30726
23524
25489
58367
41522
59166
58243
21799
28474
25147
14606
1102
12595
7615
13629
14432
1625
3721
7197
4941
2579
21058
662
587
314650
196813
131695
43165
86141
42002
42679
35862
57307
27399
37967
24855
19494
45775
55452
81398
51416
25408
81101
4441
3398
2677
904
688
10213
16515
12381
6558
3880
5852
18189
12622
6488
17450
20507
8291
11702
4260
7281
11324
10718
4383
5647
409
936
3163
527
1440
1506
5531
5667
997
4388
3961
2712
761
3492
10554
2586
1696
7072
3887
4515
8840
8289
7507
2736
13228
9323
6163
11698
4221
3240
8034
2564
10244
1930
340722
132161
74989
94265
75027
67558
18942
32465
55072
44580
43419
50615
120130
81490
24440
41012
22165
28507
37515
29930
31323
19218
18103
26188
23136
6734
16483
7903
12191
19820
19077
19666
14541
6927
4694
8740
3809
10296
8164
2213
15895
1351