63322
114804
147811
56788
64676
38629
130113
50509
231425
84758
74636
84427
31524
24982
48613
34919
55165
68068
39350
29360
45433
165320
37556
51709
33000
49212
26008
11228
6990
10563
11194
4222
7096
8974
3966
5377
304
346104
148083
36740
43751
27470
34999
40193
26811
45966
77192
2279
18423
22378
22245
11600
367836
48077
87839
25716
14358
59514
19583
28275
90764
39261
39641
4651
29708
21724
19208
11946
15964
8232
17438
218194
54685
25340
29988
21308
54820
24746
67971
75161
15890
2627
9389
19239
8639
8922
7019
13150
160558
41844
26040
30601
23245
25473
58435
41576
59433
58164
21653
28271
25187
14484
1074
12366
7518
13543
14742
1604
3697
7238
4936
2584
21175
652
578
315029
197424
131588
42948
85865
41980
42592
35774
57077
27280
37820
24758
19299
45686
55389
81439
51387
25378
81113
4287
3424
2681
903
693
10145
16641
12460
6542
3868
5810
18043
12651
6484
17313
20414
8254
11809
4224
7324
11271
10716
4358
5588
404
912
3173
525
1421
1471
5472
5620
976
4339
3940
2681
748
3473
10474
2581
1693
7090
3869
4446
8820
8296
7653
2663
13138
9304
6139
11601
4198
3233
7964
2524
10214
1893
340998
132285
74941
94367
74736
67432
18784
32419
55227
44286
43573
50434
120137
81318
24256
41390
22008
28402
37298
29700
31133
19434
18134
26020
23090
6685
16419
7903
12171
19543
19066
19651
14617
6965
4722
8749
3744
10196
8087
2192
15788
1359