63129
114806
148031
56739
64572
38650
130267
50244
230082
84354
74055
84133
31245
24734
48011
34842
54620
67978
38863
29013
44933
164478
37296
50778
32552
48858
25852
11242
6950
10519
10913
4135
7072
8854
3980
5253
314
346117
147316
36448
43178
27546
34797
40070
26559
45563
77102
2281
18310
22282
22036
11425
369555
47462
87883
25316
14121
58766
19384
28281
90764
39382
40210
4639
29892
21659
18975
11835
15778
8116
17024
218064
54996
25138
29643
20999
54891
24560
68015
75093
15809
2535
9290
18985
8535
8828
6948
13051
159930
41745
25997
30365
22834
25223
58463
41469
59648
57991
21418
28016
25139
14295
1047
12060
7423
13480
14917
1566
3669
7203
4933
2589
21347
643
565
314448
197267
131377
42622
85421
41838
42518
35791
56900
27258
37661
24575
19052
45708
55264
81419
51159
25229
80913
4206
3358
2649
901
678
10060
16736
12512
6497
3859
5726
17822
12562
6524
17137
20422
8206
11861
4201
7319
11275
10664
4298
5534
401
898
3142
511
1378
1457
5392
5615
952
4278
3861
2640
742
3402
10379
2542
1668
7068
3850
4342
8785
8286
7710
2657
13084
9270
6103
11529
4174
3186
7858
2458
10100
1850
340678
132228
74619
94055
74355
66965
18588
32220
55312
43919
43737
50154
120144
81556
24054
41713
21753
28307
36963
29363
30771
19637
18210
25693
22916
6584
16317
7863
12126
19290
19010
19608
14563
6858
4669
8669
3673
10060
7929
2142
15720
1339