4
12
23
28
9999
2
3
4
9999
3
2
4
9999
4
1
2
7
6
5
23
9999
5
4
6
23
30
9999
6
4
7
5
8
10
18
30
9999
7
3
4
6
8
9999
8
7
6
18
9
29
9999
9
1
10
11
13
15
16
18
29
32
35
9999
10
1
9
203
16
18
21
26
31
9999
11
9
15
22
32
35
9999
12
1
23
27
28
31
9999
13
9
15
26
9999
203
1
10
21
30
9999
15
9
11
13
22
26
26
33
34
128
9999
16
9
10
9999
17
27
36
9999
18
1
9
10
29
9999
19
20
22
182
9999
20
19
22
128
182
189
9999
21
1
10
203
23
30
31
9999
22
11
15
19
20
128
9999
23
1
12
21
31
9999
24
9999
26
9
10
13
15
26
9999
26
15
26
33
9999
27
12
17
36
9999
28
1
12
9999
29
1
9
18
9999
30
1
203
21
9999
31
10
12
21
23
9999
32
9
11
9999
33
15
26
34
9999
34
15
33
9999
35
9
11
9999
36
17
27
9999
37
9999
38
42
44
46
47
48
49
50
127
195
209
9999
39
41
44
45
47
65
68
9999
40
42
43
49
9999
41
39
54
59
68
69
9999
42
38
40
49
9999
43
40
49
50
51
127
181
9999
44
38
39
45
46
47
9999
45
39
44
46
53
65
9999
46
38
44
45
53
61
209
232
9999
47
38
39
44
9999
48
38
49
50
9999
49
38
40
42
43
48
50
9999
50
38
43
48
49
127
9999
51
43
9999
43
51
19
181
9999
53
61
65
66
45
46
9999
54
67
69
70
41
9999
55
58
61
62
76
9999
56
57
67
70
69
9999
57
56
69
9999
58
55
76
78
80
9999
59
67
68
69
41
9999
60
65
66
68
9999
61
53
55
62
63
46
75
76
195
232
9999
62
55
61
63
9999
53
61
9999
63
61
62
9999
65
53
60
66
68
39
45
9999
66
53
60
65
9999
67
54
56
59
69
70
9999
68
59
60
65
39
41
9999
69
54
59
67
41
9999
70
54
56
67
69
9999
69
56
57
70
9999
72
75
76
77
77
79
80
81
82
83
9999
73
83
85
9999
74
87
88
9999
75
72
76
82
61
195
210
49
222
9999
76
72
75
80
81
55
58
61
9999
77
72
79
77
79
83
9999
78
80
58
9999
79
77
79
77
82
83
83
9999
80
72
76
78
81
58
9999
81
72
76
80
9999
82
72
75
77
79
83
222
9999
83
73
79
82
83
222
9999
83
72
77
79
83
9999
85
73
88
9999
86
87
9999
87
74
86
9999
88
74
85
9999
89
92
96
97
98
101
102
104
107
113
136
9999
90
91
109
110
111
112
113
112
9999
91
90
93
99
108
109
110
111
113
9999
92
89
98
100
136
9999
93
91
98
99
100
113
114
9999
94
95
96
97
9999
95
94
96
97
101
102
103
106
107
124
9999
96
89
94
95
97
124
129
136
147
9999
97
89
94
95
96
107
9999
98
89
92
93
100
113
9999
99
91
93
108
114
99
9999
100
92
93
98
114
115
9999
101
89
95
102
107
9999
102
89
95
101
104
106
9999
103
95
104
106
9999
104
89
102
103
106
113
9999
104
9999
106
95
102
103
104
9999
107
89
95
97
101
9999
108
91
99
111
9999
109
90
91
113
9999
110
90
91
111
9999
111
90
91
108
110
9999
112
90
113
9999
113
89
90
91
93
98
104
109
112
9999
114
93
99
100
115
99
9999
115
100
114
9999
118
122
126
127
132
174
175
181
182
184
189
190
191
20
9999
117
118
119
127
130
134
146
170
169
176
177
178
195
9999
118
117
122
132
133
143
178
183
9999
119
117
121
130
146
149
9999
120
151
155
156
158
161
163
164
165
166
167
169
172
9999
121
119
124
129
146
149
150
9999
122
118
184
9999
123
131
133
142
9999
124
121
125
129
130
147
150
152
154
167
169
95
96
9999
125
124
151
153
154
167
172
9999
126
128
184
186
187
128
189
191
9999
127
117
134
175
82
180
181
190
38
43
50
195
9999
128
126
187
188
189
15
20
22
9999
129
121
124
131
135
140
143
147
9999
130
117
119
124
149
152
170
169
177
9999
131
123
129
133
140
141
142
143
9999
132
118
174
178
183
9999
133
118
123
131
143
9999
134
117
127
175
178
82
180
9999
135
129
138
139
140
9999
136
138
89
92
96
9999
129
135
136
138
96
9999
138
135
136
139
9999
139
135
138
140
9999
140
129
131
135
139
9999
141
131
142
9999
142
123
131
141
9999
143
118
129
131
133
9999
117
118
178
9999
117
118
121
129
143
146
9999
146
117
119
121
9999
147
124
129
96
9999
129
147
9999
149
119
121
130
150
152
9999
150
121
124
149
152
9999
151
120
125
153
155
172
9999
152
124
130
149
150
9999
153
125
151
155
167
9999
154
124
125
168
169
9999
155
120
151
153
156
166
167
9999
156
120
155
166
9999
157
158
159
161
162
163
164
9999
158
120
157
159
161
169
198
9999
159
157
158
160
162
198
202
9999
160
159
162
202
9999
161
120
157
158
164
9999
162
157
159
160
9999
163
120
157
9999
164
120
157
161
9999
165
120
166
9999
166
120
155
156
165
167
9999
167
120
124
125
153
155
166
9999
168
154
171
172
169
9999
169
120
158
172
198
9999
170
117
130
169
177
9999
171
168
172
169
198
212
9999
172
120
125
151
168
169
171
198
9999
169
117
124
130
154
168
170
171
195
212
9999
174
132
178
9999
175
127
134
178
82
9999
176
117
177
9999
177
117
130
170
176
9999
178
117
118
132
134
174
175
9999
82
127
134
175
180
9999
180
127
134
82
9999
181
127
182
190
43
9999
182
181
19
20
9999
183
118
132
9999
184
122
126
9999
122
126
184
186
9999
186
126
187
9999
187
126
128
186
188
9999
188
128
187
9999
189
128
189
128
191
20
9999
190
127
181
9999
191
126
128
189
9999
128
186
187
188
15
33
34
9999
193
194
201
205
208
210
214
215
225
9999
194
208
216
217
218
219
220
221
82
9999
195
209
49
212
232
38
61
75
117
127
169
9999
196
204
206
9999
193
199
203
205
210
49
212
226
227
229
75
9999
198
202
212
231
232
158
159
169
171
172
9999
199
211
9999
200
202
204
230
233
9999
201
193
194
213
215
220
221
9999
202
198
200
230
231
159
160
9999
203
206
226
227
228
229
230
233
9999
204
196
200
206
233
9999
205
193
214
215
226
9999
206
196
203
204
226
233
9999
193
210
9999
208
193
194
210
219
221
223
225
9999
209
195
232
38
46
9999
210
193
208
222
223
225
75
9999
49
195
199
212
75
9999
212
195
198
49
229
231
171
169
9999
213
201
216
220
9999
214
193
205
215
9999
215
193
201
205
214
9999
216
194
213
217
220
9999
217
194
216
218
222
82
9999
218
194
217
222
9999
219
194
208
223
82
9999
220
194
201
213
216
221
9999
221
194
201
208
220
9999
222
210
217
218
223
82
75
82
83
9999
223
208
210
219
222
82
9999
82
194
217
219
222
223
9999
225
193
208
210
9999
226
203
205
206
9999
227
203
9999
228
203
229
230
9999
229
203
212
228
230
231
9999
230
200
202
203
206
228
229
231
233
9999
231
198
202
212
229
230
232
9999
232
198
231
9999
233
200
203
204
206
230
9999
195
209
46
61
9999
