158305
119864
41603
29496
10804
3543
7053
15895
6138
14288
15928
13284
2653
15402
9755
9911
5087
3391
3020
167082
49540
140164
42036
33089
35405
21975
36330
12521
4795
3390
4837
10472
7635
5931
2037
2885
547
13364
554674
379436
86332
55372
45507
37198
53517
29300
28929
32663
32191
36562
42505
26785
31086
13286
9799
8967
13097
881
12056
9364
5228
1345
4755
13816
11223
104720
95969
110942
147106
176754
124258
62622
108832
204047
24856
83559
123943
375115
36759
47568
34728
24340
140766
95667
26908
23270
40503
22395
20659
10849
6720
16872
7384
15389
9594
234648
142148
157558
47183
96314
45485
120680
44345
33517
29790
24253
124742
53880
17696
5135
3286
13626
10969
3481