157738
121298
41142
29715
10503
3321
6772
15452
5973
14235
15589
13018
2758
15006
9629
9705
4825
3152
2910
167472
49010
141613
41459
32232
34454
21461
35136
11986
4624
3179
4589
10085
7218
5830
1961
2766
517
12905
567070
387163
85704
54333
44369
36707
54495
28811
27851
32180
32348
36698
41346
25940
30351
13067
9704
9063
12898
844
11780
9295
5153
1289
4568
13462
10817
107971
98312
113887
151557
181745
124410
64141
110009
200892
24136
82859
122485
382104
35792
46709
33495
24051
145461
96543
26500
22830
41344
23051
20410
10805
6345
16661
7030
15126
9138
233371
142461
158024
45380
96710
45753
119311
44055
32468
29068
23356
123858
53741
16694
5175
3082
13364
10900
3330