157951
121614
40975
29580
10403
3274
6702
15259
5929
14226
15499
12909
2759
14737
9521
9614
4730
3108
2866
167740
48814
141857
41365
31925
34235
21314
34865
12022
4574
3138
4514
10008
7161
5770
1988
2741
525
12828
569497
387836
85506
53951
44176
36333
54591
28696
27572
31837
32275
36706
41124
25779
30202
12982
9713
9046
12800
836
11670
9277
5140
1286
4537
13304
10674
108921
98482
114659
152623
183456
124344
64619
110682
199445
23957
82586
121761
382897
35535
46502
33073
24030
146297
96492
26236
22896
41422
23152
20338
10749
6248
16665
6977
15035
8958
232495
142216
158765
44976
96869
45857
118734
44107
32122
28840
23149
123377
53500
16478
5151
3014
13300
10799
3281
212909
51376
33892
62875
37248
33913
27095
25729
4952
1623
2308
22015
5544
8463
4133
6612
9061
12497
18074
27274
11685
10674
9047
12765
348080
91284
46694
27383
52314
43673
28916
57892
13136
13825
23811
2731
14111
20938
8288
19727
16620