157372
121568
40695
29493
10352
3188
6583
15092
5826
14211
15341
12971
2778
14613
9457
9564
4651
3059
2808
167444
48252
142048
40938
31592
33935
21139
34442
11748
4498
3054
4432
9874
7005
5704
1966
2685
518
12696
571464
388552
84957
53426
43774
35869
54631
28239
27207
31569
32160
36615
40616
25401
29967
12831
9700
9090
12720
820
11536
9242
5157
1285
4472
13162
10529
109822
98213
115309
152914
184613
123915
64635
111123
197779
23672
82054
120742
383023
35163
45889
32631
23906
147192
96391
25888
22436
41805
23407
20324
10655
6106
16573
6902
14808
8772
230856
141366
158463
44373
96953
45725
117709
43907
31645
28578
22777
122667
53264
16088
5100
2937
13243
10712
3224