7
8
9
10
41
59
9999
2
13
14
16
25
9999
3
9
11
12
19
51
9999
4
2
20
9999
5
1
9999
6
1
7
8
62
9999
7
1
6
8
41
52
62
9999
8
1
6
7
9999
9
1
3
10
51
59
9999
10
1
3
9
12
9999
11
3
12
14
19
9999
12
3
10
11
9999
13
2
9999
14
2
11
16
19
9999
15
2
16
17
25
9999
16
2
14
19
9999
17
25
28
47
81
9999
16
17
19
47
58
9999
19
3
11
14
16
51
58
9999
20
22
25
27
4
9999
21
23
26
32
9999
22
20
24
27
29
9999
23
21
33
34
84
102
9999
24
22
26
29
30
9999
25
20
27
28
2
4
17
9999
26
21
24
30
32
9999
27
20
22
25
28
29
81
9999
28
25
27
17
81
9999
29
22
24
27
80
81
9999
30
24
26
32
9999
24
29
30
32
80
9999
32
21
26
30
80
85
9999
33
23
34
98
9999
34
23
33
98
102
107
9999
35
36
37
38
9999
36
35
37
38
9999
37
35
36
38
9999
38
35
36
37
9999
39
40
42
45
48
49
50
55
63
64
65
9999
40
39
42
45
53
55
57
9999
41
51
59
60
61
64
1
7
9999
42
39
40
9999
43
44
53
56
57
78
9999
44
43
45
46
57
78
95
9999
45
39
40
44
46
57
65
9999
46
44
45
47
51
65
81
95
9999
47
46
51
58
17
81
9999
48
39
49
50
52
54
9999
49
39
48
9999
50
39
48
54
63
64
9999
51
41
46
47
58
59
64
65
3
9
19
9999
52
48
54
60
61
62
64
7
9999
53
40
43
56
57
9999
54
48
50
52
9999
55
39
40
9999
56
43
53
9999
57
40
43
44
45
53
9999
58
47
51
19
9999
59
41
51
1
9
9999
60
41
52
61
64
9999
61
41
52
60
7
9999
62
52
6
7
9999
63
39
50
64
9999
64
39
41
50
51
52
60
63
65
9999
65
39
45
46
51
64
9999
66
67
68
69
9999
67
66
68
69
70
71
72
87
9999
68
66
67
72
86
87
90
9999
69
66
67
70
73
9999
70
67
69
71
73
9999
71
67
70
72
73
83
85
91
92
9999
72
67
68
71
74
83
87
90
88
89
9999
73
69
71
70
84
91
9999
74
72
83
86
89
9999
75
76
83
9999
76
75
77
83
94
9999
77
76
78
79
94
9999
78
77
79
95
43
44
9999
79
77
78
80
81
94
95
9999
80
79
81
83
85
94
29
32
9999
81
79
80
95
17
27
28
29
46
47
9999
82
84
102
110
9999
83
72
71
74
75
76
80
85
89
94
9999
84
73
82
23
102
9999
85
71
80
83
32
9999
86
74
9999
87
68
9999
88
72
89
9999
89
72
74
83
88
9999
90
72
74
88
9999
91
71
73
84
92
9999
92
71
85
91
23
21
32
9999
93
74
75
83
9999
94
76
77
79
80
83
9999
95
78
79
81
44
46
9999
96
104
106
108
9999
97
98
106
108
9999
98
97
100
106
107
33
34
9999
98
104
106
114
23
33
9999
100
98
107
9999
101
107
9999
102
105
107
110
23
34
82
84
9999
101
102
105
107
112
9999
104
96
106
9999
105
102
111
112
113
9999
106
96
97
98
104
108
9999
107
98
100
101
102
34
9999
108
96
97
106
9999
109
9999
110
102
82
9999
111
105
113
9999
112
105
113
9999
113
105
111
112
9999
114
9999
