215927
160142
117227
118105
66278
42986
63628
36122
51965
49409
26516
40172
65800
92996
65728
160447
125768
53838
25008
48508
39131
45874
90539
45932
39101
35983
38983
72383
32347
42701
36864
42603
28928
15317
18494
29485
18013
14446
38111
8872
18859
7983
21178
15443
409170
128076
132599
101205
83629
76691
128053
63983
60394
28846
93600
35072
25382
47391
24720
20415
13330
10118
13774
32358
21645
11081
24547
23152
16226
277150
299466
103184
159170
169334
43069
63365
70504
56290
43010
52230
42189
11623
15038
1199
2362
8316
2474
11651
15437
5244
8628
5986
3334
13798
4355
2975
6296
18805
28983
13190
9374
9434
28286
22469
68187
110717
88811
125208
76680
75283
117113
138686
87285
91612
274899
165638
453818
71092
56156
277550
67817
94727
64589
72094
195842
129150
45817
97603
117415
182229
192967
260919
57852
94181
121019
102093
57117
61383
127647
61712
127487
57371
64676
85863
106361
52796
81414
45205
56007
46829
51356
85097
40734
32820
30498
30268
10673
13303
15605
28607
18359
17690
13298
10855
7489
9298
6661
11441
2952
9645
11650
24441
30107
27791
38819
24762
158030
145930
125280
122861
92500
116005
59516
382136
490849
42222
104175
393111
127352
77502
102069
145749
48428
56509
129959
322008
17820
228936
132324
150928
111207
30555
88118
73713
41691
126541
71735
49115
60360
69627
47717
40919
37412
33589
71159
47803
36004
17721
19715
5488
13726
13056
41529
15789
6661
21581
10393
6534
12308
10909
6818
8247
9133
7102
8037
40503
99688
174155
250275
163136
146469
205581
378487
303044
219520
573502
708528
173351
265220
458652
216962
277064
160078
440192
574390
533372
361199
528319
449851
144012
115445
147845
112776
200219
91612
181239
340578
93284
146120
143381
123336
96722
60244
47934
64676
67189
59861
94218
55661
121265
65602
45006
65494
158370
27148
13667
2455
5637
7183
249
2631
1620
2485
239
6970
134
1905
220000
189509
78145
113886
164850
167780
135704
170566
264733
220185
181676
207309
140419
102458
103716
125450
236182
148752
175076
125815
186054
171632
166124
171905
133958
351707
210373
149100
329196
161968
191841
50416
567993
41674
132813
177375
182287
79428
102231
104261
36192
66012
27619
38479
28043
25091
8247
14205
10070
10307
12694
11303
7378
23157
33294
2795