216915
159271
117216
118062
65895
42781
63791
36134
51801
49060
26341
39791
65566
92919
66344
162735
125989
54221
24838
49404
38732
45884
90088
45736
38682
35910
38700
72946
32054
42443
37449
42726
28725
15161
18374
29774
17756
14296
38127
8793
18704
7947
20988
15353
410468
127429
136421
100903
83478
76093
128550
64071
60266
28834
94234
35194
25191
47465
24797
20297
13066
10148
13677
32315
21670
10931
24558
23099
16089
276943
300154
102448
159800
169611
42804
63174
69948
56092
42675
51994
42036
11685
15263
1209
2295
8176
2402
11589
15278
5186
8641
5959
3283
13644
4302
2952
6271
18542
29077
13096
9350
9468
28316
22426
68733
112256
89937
126167
77023
75568
117551
139486
88206
91502
277205
165630
455341
70792
55694
278602
67719
94898
64333
72467
196388
129015
45875
97918
117519
182866
194115
262816
58215
95201
121284
102931
57370
61706
128921
61892
127673
57351
65066
86315
107371
52765
81410
45118
56053
46961
51818
85798
40994
33139
30839
30017
10658
13475
15450
28536
18333
17633
13226
10746
7391
9233
6613
11279
2889
9590
11617
24410
29938
27720
38818
24741
159374
145667
125638
123238
94281
116325
58809
381682
492932
42060
105021
394286
127338
77343
102289
146177
48500
56352
130883
324156
17572
228978
134508
151680
111135
30429
89034
73646
41378
127317
72155
49305
60393
71006
48322
40677
37099
33472
70738
47629
35833
17619
19507
5457
13583
12932
41701
15603
6629
21401
10410
6484
12308
10837
6780
8158
9054
7112
7913
41079
102340
177250
251614
164713
147868
206604
382738
304980
220274
574309
710865
174471
264471
457762
218119
276080
160957
439667
575438
535507
363414
529671
452486
144539
116216
147394
113197
200993
91814
181502
341858
94440
146419
143907
123896
96275
60333
47697
64361
67711
60027
94256
55884
120700
66649
45055
65610
160620
27103
13764
2404
5519
7108
251
2597
1608
2438
240
6885
137
1884
221835
189399
78704
113804
164657
167154
135162
170010
266432
220588
181683
207335
140540
102257
103505
125528
237711
151182
175691
126593
187583
172855
166330
172953
134917
571038
350815
210615
148998
332366
161977
193151
50337
41412
133179
177316
183478
79681
102604
104663
36167
66362
27714
38491
28031
25104
8203
14065
10074
10194
12749
11287
7326
23102
33245
2764