221322
158710
119852
120107
65809
43736
64712
37054
54308
48220
26003
39059
65456
92947
68166
171268
127729
55421
24850
50544
38313
46097
90733
46750
38505
36372
38190
75146
32194
43472
38684
43585
28565
15356
18149
30144
17218
14159
38645
8604
19303
7935
21313
15112
420020
128548
136868
102106
83706
75036
133294
65791
60724
28577
96060
35509
24786
48246
24772
20276
12648
10140
13552
32734
21780
10642
24742
22930
15747
279269
304664
101741
168909
176329
42745
64174
69403
56094
42592
51873
42281
11798
15749
1181
2157
7821
2232
11532
15130
5122
8596
5924
3251
13492
4201
2868
6351
18139
29752
13069
9414
9731
32933
22611
70162
115767
93595
129691
78865
77188
121050
143141
91139
92545
284807
167283
476940
71142
55606
283569
68087
95932
65692
74012
198704
129832
46493
99261
119255
185954
198977
268943
61281
101995
122807
105986
59365
63726
132225
62234
129466
57494
68520
88428
111144
52965
82783
45483
57288
47398
53915
88696
41767
33982
31066
30009
10578
13982
15499
28411
18209
17563
12980
10690
7337
9026
6444
11014
2818
9708
11773
25374
29768
27997
38751
24847
165241
147760
127831
125469
97612
120184
59098
388916
504729
41779
107549
401817
128833
77422
105728
148013
49966
56730
133550
329825
17330
232546
137456
155267
110590
30231
90260
74092
41049
128475
74198
50081
61383
73894
49631
41473
36531
33166
70072
47419
35495
42353
17812
19223
5494
13611
12797
15418
6706
21385
10332
6388
12447
10671
6661
7859
8908
7039
7742
44831
111712
198846
283933
172787
163213
217552
405196
316415
230107
593645
731592
187580
276366
469357
238434
289615
175684
457220
589195
556866
373702
548030
461475
147545
118870
150211
114118
205661
93291
185793
347487
97222
151560
146711
125423
98314
61846
49469
65407
68990
61045
95669
57378
121941
68184
46320
66395
163184
27549
14029
2242
5196
6865
248
2490
1581
2396
244
6779
134
1986
232574
193832
83223
127202
169921
169797
137303
170116
275220
223192
181814
208016
143363
102900
103635
127610
243305
158268
185392
130731
193587
179011
169784
177855
138295
583250
350526
213245
149296
341610
162848
194742
50371
40687
136044
182854
190449
81055
104961
107338
36404
68796
27686
39102
27809
25126
8113
13875
9988
9949
13116
11099
7067
23003
34761
2682