222644
158028
119795
120109
65617
43684
64867
36951
54044
47997
25820
38834
65411
92734
68592
173682
127790
55663
24789
50915
38100
46228
90310
46723
38033
36213
38009
75365
31933
43257
39241
43667
28503
15264
18053
30271
17017
14025
38790
8492
19206
7857
21235
15013
421985
128075
136819
102017
83431
74603
134134
65734
60711
28471
96293
35656
24560
48542
24914
20190
12505
10137
13444
32782
21792
10502
24713
22886
15683
279595
305427
101183
168901
177140
42464
64124
69002
56039
42381
51702
42229
11886
15915
1161
2103
7704
2170
11481
15026
5088
8548
5919
3239
13369
4153
2876
6355
18013
29886
12993
9397
9771
33010
22570
70508
116355
94009
130468
79568
77776
122804
143984
92248
92361
286298
167193
479573
70936
55369
283828
68042
95858
65667
74192
198845
129666
46435
99223
119327
186761
199426
270133
61380
103721
123195
106973
59793
64484
132758
62171
129464
57498
69186
88840
112088
52794
83109
45351
57446
47391
54401
89491
42113
34109
31057
30035
10553
14025
15489
28232
18123
17464
12889
10583
7361
8945
6461
10941
2770
9679
11752
25351
29813
28199
38685
24840
166298
148104
127874
125412
98489
120207
58556
389723
507385
41575
108031
402154
128725
77515
106380
148118
50379
56602
134675
331476
17353
232540
138694
155675
110480
30085
90358
73795
40869
128781
74618
50305
61435
74479
49751
41534
36234
33021
69629
47097
35329
42362
17950
19034
5481
13416
12747
15259
6677
21277
10336
6373
12409
10567
6591
7783
8795
7062
7652
45957
113938
200690
286266
174316
164869
219048
409501
317537
230951
596196
734805
188701
277332
470213
239975
290405
176305
458983
590660
557869
375114
549260
462954
147504
119539
150290
114002
206618
93350
186185
347711
97686
152441
147474
125231
98694
61955
49364
65957
69507
61147
96029
57627
123433
68485
46150
66543
163370
27668
13954
2205
5098
6874
256
2517
1596
2418
249
6736
140
2030
234599
194581
83393
127166
169816
170316
137763
169483
277265
223445
181515
207517
143951
102824
103138
127629
244330
159537
186262
131220
196145
179890
170004
178890
139090
586312
349839
213089
149048
342690
162868
195352
50357
40445
136006
183674
191506
81316
105355
107378
36321
68954
27582
39146
27724
24977
8178
13896
9896
9865
13132
11087
6988
22935
34539
2657