223183
156589
119559
119869
65319
43625
64874
36730
53756
47497
25549
38458
65293
92691
68974
175269
128219
55789
24578
51255
37825
46141
89932
46466
37679
35999
37619
75725
31626
42836
40027
43386
28270
15100
17880
30363
16729
13916
39045
8391
19012
7774
21064
14878
423737
127818
136801
101414
82899
73803
134768
65745
60353
28329
96295
35656
24276
48697
24855
20145
12288
10089
13299
32786
21769
10437
24711
22732
15417
279455
306142
100088
169434
178322
42144
63965
68505
55971
42102
51278
42115
11930
16079
1139
2037
7525
2093
11448
14839
5017
8511
5775
3189
13127
4111
2831
6327
17732
30079
12882
9418
9623
33235
22473
70795
116892
95183
131066
80285
78160
124862
145015
93531
92340
287574
167236
484584
70491
54835
284548
67923
95494
65555
74384
198392
129424
46348
99178
119356
186958
200806
272362
61486
105774
123442
108477
60217
65071
133398
62261
129419
57493
69989
89474
113161
52616
83290
44975
57599
47230
55461
91024
42566
34393
31078
29886
10508
14121
15468
27857
17939
17294
12730
10451
7226
8735
6398
10753
2721
9685
11643
25404
29645
28350
38506
24764
167508
148028
128856
125628
99520
120615
57718
393359
510772
41312
108705
404263
128662
77279
106547
148328
50246
56379
135874
333929
17053
232619
140882
156754
110347
29785
90414
73604
40541
129922
74765
50515
61150
74881
50061
41641
35756
32687
68972
46633
34955
42397
17897
18868
5407
13291
12628
15057
6568
21107
10318
6348
12369
10489
6509
7641
8651
7000
7539
48010
118194
204487
289496
176580
166621
222361
414372
319899
232626
601556
739226
190416
279610
473659
243003
292821
177402
462646
594276
561959
376504
554002
463461
148494
120644
151741
113755
207744
93279
186659
348410
98148
153047
148780
125046
99412
62139
49385
66847
70440
61309
96224
57692
123388
68981
46119
66520
164268
27692
14041
2138
4981
6890
256
2468
1583
2424
238
6659
140
2009
236049
195717
83635
127769
169971
170933
139430
168862
279559
224229
181048
207259
144718
102886
102512
127703
246096
160907
187633
132237
199207
181806
170729
180416
140148
589413
348369
212779
148916
345061
162335
195981
50209
40008
135881
184268
192250
81720
105760
107250
36247
69074
27496
39304
27687
24829
8165
13935
9823
9802
13275
10998
6899
22765
34193
2621