223305
155246
119171
119761
64798
43481
64800
36593
53100
46927
25228
38212
64911
92522
69274
177657
128450
55913
24427
51734
37405
46092
89330
46139
37255
35702
37110
76154
31185
42625
40883
43182
28130
14837
17700
30393
16370
13719
39024
8237
18908
7643
20947
14765
425035
127294
136572
100927
82505
73170
135564
65520
60072
28202
96333
35736
23895
48676
24995
19939
12054
10079
13190
32760
21736
10253
24587
22492
15167
279328
306785
99065
170275
179265
41789
63951
68014
55650
41803
50831
42129
11950
16219
1110
1967
7322
2007
11341
14569
4943
8386
5738
3137
12869
4034
2757
6266
17432
30107
12762
9493
9601
33568
22360
71569
117390
95810
131750
80969
78415
127168
146610
94870
92476
288677
166812
487844
69992
54301
285121
67783
95244
65319
74514
198399
129296
46330
99381
119069
187310
201735
275100
62277
107635
123481
110152
60861
65655
134213
62303
129522
57255
70691
90278
113931
52442
83555
44733
57734
47112
56405
91894
42939
34724
31146
29694
10348
14250
15379
27457
17829
17125
12663
10302
7213
8631
6328
10541
2661
9621
11671
25402
29461
28465
38469
24691
168911
147745
129928
125887
100295
120370
56792
396924
514310
41108
109507
406891
128441
77108
106822
148020
50357
56196
137807
336497
16618
232599
143447
157887
110230
29502
90486
73240
40064
131178
75048
50577
60917
75859
50404
41660
35242
32297
68299
46140
34638
42300
17836
18731
5385
13139
12470
14844
6499
20889
10341
6299
12395
10307
6421
7495
8464
6949
7404
49278
121847
206413
294756
178432
168287
224967
419731
324371
233739
605323
745925
192338
283727
478120
247360
295302
179157
468043
598643
566435
379623
560119
464394
149350
121318
152182
113936
209428
93510
188439
349294
98647
154402
150093
124815
99964
62537
49543
67490
70344
61342
96852
57961
123823
69736
46038
66529
164921
27872
13955
2109
4861
6817
257
2404
1555
2305
250
6574
141
2046
237450
197561
83917
128932
169921
171242
140629
167907
281231
224972
180394
206875
145530
102588
101923
127436
247498
162595
189983
134073
202042
184502
171995
181233
140726
591784
345924
212779
148272
347101
161899
196884
50237
39583
135456
184695
193356
82169
106374
107454
36082
69101
27392
39471
27671
24740
8121
13889
9799
9594
13491
10690
6778
22498
34137
2584