252676
152652
197206
31072
51182
54159
33598
53065
32189
28831
11512
3304
2843
7166
10838
9213
1393
13625
10328
7224
13226
12259
11993
12827
15351
8847
4444
16762
9321
19491
5049
6327
2172
2227
10448
17042
5902
17922
11880
2778
236845
51342
34504
85594
74897
31263
26191
109320
20667
35224
25910
25541
105450
15649
6853
13485
41599
27555
21260
6295
13303
7263
5658
13795
16507
9979
3440
2673
9249
4095
5813
16448
13017
222155
146675
103267
176049
166497
136316
48575
63448
32150
54736
26949
49666
35124
72640
66630
34874
111555
11048
1565
18950
10304
31503
8664
13887
29040
14515
13386
16869
25561
19269
7801
33889
4476
6317
22266
15166
21794
8897
14914
268103
52604
86572
68779
29799
45456
30677
73303
29190
78181
33146
23873
26707
5472
2643
3615
17326
7627
10008
5883
4811
2531
19260
15151
2557
202928
71942
114914
94575
31948
34906
29288
23116
24729
50732
37179
16832
28278
12730
10215
17074
5741
7124
8049
7249
5446
8749
5444
8105
3322
4432
4822
21152
15247
7750
13315
7123
6336
19810
14049
235562
102769
265140
285100
51940
63896
44626
31229
50791
34807
58817
56119
25060
11138
8817
13837
6822
10154
5430
5887
506
4446
15989
2776
6950
3232
13659
14726
2896
3635
1899
2484
1502
20231
15429
5581
4168
14717
12407
5571
8466
3489
14891
5993
5922
5783
5335
15797
9751
4401
6563
12659
2746
8664
5932
17771
1351
6951
5464