251455
151935
196795
30805
50843
53919
33377
52735
31881
28617
11380
3217
2847
7018
10656
9023
1370
13482
10194
7189
13110
12153
11798
12688
15235
8850
4392
16619
9155
19724
5005
6261
2121
2192
10343
16884
5792
17759
11881
2705
236950
50756
34231
85327
74829
31075
25838
108378
20502
34728
25630
25256
104921
15619
6730
13309
41827
27625
21280
6162
13256
7217
5586
13686
16326
9800
3381
2633
9104
4066
5737
16315
12832
223663
148218
103894
176132
167364
135633
48280
62871
31916
55864
26779
49979
35220
71936
65921
34873
110968
10976
1533
18848
10204
31413
8595
13715
29039
14513
13278
16838
25935
19638
7696
34641
4438
6285
22087
15084
21640
8811
14799
267519
51954
85877
68262
29331
44957
30274
72793
29034
77722
32686
23748
26414
5344
2601
3556
17156
7518
9852
5884
4767
2567
19114
15020
2519
203197
71459
114238
93957
31771
34889
29036
23076
24528
50636
37357
16591
28167
12697
10188
16909
5688
7015
7972
7180
5375
8619
5417
7982
3277
4395
4745
20979
15102
7659
13190
7021
6329
19634
13904
235790
102637
266173
283886
51943
63846
44202
31138
50465
34558
58619
55885
25216
11095
8722
13654
6861
10208
5442
5786
500
4388
15756
2754
6859
3201
13538
14709
2853
3582
1866
2415
1467
19989
15500
5551
4183
14685
12378
5552
8379
3445
14804
5967
5896
5766
5287
15724
9711
4341
6549
12676
2697
8737
5927
17691
1323
6917
5410