249965
151207
195857
30387
50167
53766
33219
52345
31189
28215
11076
3095
2769
6735
10296
8693
1352
13341
9936
7056
12883
11963
11405
12480
14899
8759
4356
16453
9169
19847
5072
6114
2096
2120
10082
16534
5625
17356
11860
2639
237943
49735
33460
84376
74823
30854
25291
106602
20271
33404
25231
24733
103669
15313
6479
13020
42566
27687
21441
5970
13170
7063
5467
13418
15604
9525
3288
2574
8923
3950
5608
15993
12481
226517
148977
104824
176672
169833
133573
47887
61251
31429
57162
26391
49716
35061
70965
64471
33944
110657
10893
1465
18926
10037
31285
8458
13381
28760
13621
13094
16640
27002
20374
7611
36047
4424
6185
21706
14904
21295
8259
14127
266952
50959
84464
67258
28526
43899
29497
71826
28833
76600
31792
23330
25801
5207
2512
3453
16751
7355
9605
5773
4635
2593
18714
14645
2430
203815
70942
113100
92872
31391
34832
28550
22744
24177
50322
37686
16122
27917
12624
10160
16687
5496
6824
7837
6977
5286
8441
5298
7778
3182
4215
4583
20736
14742
7458
12968
6831
6270
19394
13519
236126
101854
266982
280682
51793
63799
43558
30471
49812
34059
57601
55158
25231
10884
8595
13328
6975
10299
5350
5587
497
4270
15398
2692
6620
3198
13276
14502
2823
3467
1803
2336
1430
19509
15621
5517
4165
14676
12222
5466
8191
3397
14449
5871
5718
5681
5143
15508
9508
4335
6501
12699
2575
9012
5701
17591
1304
6772
5355