248891
150673
195707
30076
49861
53436
33077
52141
30768
28085
10909
3019
2727
6557
10102
8498
1323
13240
9736
7015
12759
11870
11250
12439
14764
8792
4310
16308
9021
19873
5015
6051
2034
2092
9949
16352
5522
17158
11860
2565
239216
48779
32803
84151
75141
30581
25167
106122
17521
31922
24984
24429
103093
15211
6381
12834
43021
27692
21360
5850
13186
6961
5453
11143
14553
9361
3217
2548
8839
3888
5534
15815
12297
231173
148159
104654
179324
171758
125927
47489
58406
31117
56798
26300
48834
34850
70805
63885
32759
110950
10852
1432
19107
9948
31421
8308
13215
27936
12203
13047
16300
27419
20921
7528
36852
4459
6158
21594
14850
21194
7069
12805
266640
50451
83781
66666
28091
43383
29126
71094
28714
75840
31336
23073
25464
5129
2471
3412
16525
7246
9447
5688
4588
2539
18484
14437
2386
204210
70671
112301
92183
31079
34746
28230
22490
23968
50473
37891
15840
27722
12578
10076
16606
5415
6725
7762
6853
5232
8333
5234
7662
3143
4150
4517
20594
14570
7292
12840
6746
6260
19199
13361
233112
101485
262990
276231
51294
63294
43227
29822
48984
33709
54887
54400
25013
10712
8531
13054
6953
10288
5216
5507
491
4215
15169
2636
6510
3168
13182
14395
2764
3377
1743
2276
1403
19301
15615
5454
4140
14536
12110
5405
8072
3349
14345
5793
5666
5626
5080
15333
9340
4267
6288
11827
2497
8612
5447
16459
1296
6595
5276