248197
150493
196044
29724
49393
53433
33337
51692
30090
27800
10535
2861
2662
6280
9821
8273
1294
13151
9407
6921
12539
11638
10853
12231
14440
9038
4216
16000
8962
20101
4876
5976
1935
2040
9740
16059
5416
16819
11800
2478
242224
48301
32966
83814
75888
30754
24949
105378
17439
31504
24694
24032
102936
43936
14987
6173
12669
27799
21612
5670
13259
6897
5379
10747
14240
9115
3137
2514
8663
3839
5412
15503
12065
241603
152552
107318
183383
176345
125579
47489
57823
30823
59247
25944
49832
35160
70422
62841
32610
111437
10752
1392
19289
9768
31721
8109
12968
27938
11350
12926
16160
28315
21741
7382
38391
4530
6081
21330
14685
21224
6372
12355
267444
49695
82536
66048
27310
42557
28682
70123
28484
74775
30788
22595
25014
5010
2369
3302
16137
7054
9177
5562
4469
2583
18186
14149
2341
205855
70473
111580
91436
31095
34825
27811
22219
23715
50927
38430
15372
27674
12447
10012
16500
5230
6549
7597
6641
5100
8087
5079
7471
3042
3992
4379
20400
14110
7096
12656
6620
6259
18862
13011
234556
101704
265502
275710
51459
63401
42717
29639
48497
33361
54332
53773
25038
10545
8390
12760
6876
10258
5130
5364
490
4115
14878
2576
6314
3103
13042
14127
2732
3246
1689
2166
1316
18747
15994
5495
4130
14552
12029
5298
7933
3262
14087
5796
5613
5603
4958
15234
9237
4268
6243
11605
2448
8571
5335
16113
1278
6510
5252