243272
147902
194180
29044
47963
52625
32647
50236
28932
26920
9930
2634
2509
5825
9263
7758
1209
12852
8915
6809
12062
11304
10220
11831
13964
9089
4029
15423
8759
20435
4643
5729
1810
1888
9140
15560
5075
16270
11679
2325
241543
46767
32281
82049
76071
29983
24194
102049
17071
30259
23807
23070
100393
44344
14532
5750
12118
27639
22104
5318
13097
6625
5171
10473
13832
8579
3020
2430
8231
3732
5185
14962
11410
244246
155194
110928
186205
176523
123926
46863
56420
29873
61691
25339
50437
35772
68809
60313
32878
110131
39750
10534
1291
19250
9575
31622
7776
12291
28189
10814
12613
15913
28781
22925
7114
4721
5924
20493
14271
21037
5844
11549
264520
47789
79566
64109
25895
40733
27485
67750
28227
72166
29344
21660
23831
4695
2212
3097
15293
6653
8669
5313
4299
2566
17379
13455
2239
205279
68713
108672
88958
30307
34281
26904
21360
23055
51017
38709
14536
26890
12150
9759
16188
4907
6242
7323
6240
4833
7620
4809
7000
2883
3735
4208
19856
13380
6709
12128
6278
6191
18518
12353
234936
99961
268133
273466
50887
63219
41501
29546
47187
32274
53533
52562
25034
10282
8149
12209
6938
10235
4988
5181
482
3913
14094
2434
5883
2973
12482
13846
2719
3038
1555
2018
1214
17941
16194
5382
4195
14552
11782
5072
7738
3066
13500
5715
5376
5420
4687
14838
8900
4244
6151
11281
2415
8410
5171
15581
1254
6575
5116