6
7
9
14
226
227
9999
2
6
12
16
17
19
37
9999
3
10
23
24
26
9999
4
20
22
244
9999
5
2
12
15
19
9999
6
2
9
37
9999
7
14
217
218
226
9999
8
11
27
242
9999
9
6
14
37
9999
10
3
13
9999
11
8
28
29
240
241
242
251
241
9999
12
2
5
16
17
41
48
9999
13
3
10
26
9999
14
7
9
37
81
206
218
9999
15
5
9999
16
2
5
12
9999
17
2
12
37
41
9999
2
5
19
9999
19
2
5
9999
20
4
22
23
24
9999
3
4
20
23
9999
22
4
20
24
25
27
242
9999
23
3
20
24
9999
24
3
20
22
23
25
26
9999
25
22
24
26
27
9999
26
3
13
24
25
9999
27
8
22
25
242
9999
28
11
29
9999
29
11
28
251
9999
30
33
34
35
36
37
38
40
57
58
63
77
9999
31
32
33
40
41
42
45
46
47
48
9999
32
31
40
42
9999
33
30
31
38
40
41
44
9999
34
120
35
36
9999
35
30
34
36
38
9999
36
120
34
35
37
38
39
9999
37
120
36
39
41
43
44
2
6
9
14
17
77
79
81
9999
38
30
33
35
36
39
44
9999
39
36
37
38
44
9999
40
120
31
32
33
72
9999
41
31
33
37
43
44
45
48
12
17
9999
42
31
32
48
9999
43
37
41
9999
44
33
37
38
39
41
9999
45
31
41
46
47
48
9999
46
31
45
47
9999
47
31
45
46
48
9999
4
6
7
9
14
226
227
9999
49
50
51
52
56
9999
50
51
49
52
9999
51
56
49
50
52
53
58
9999
52
49
50
51
53
54
56
9999
53
51
54
55
52
58
57
9999
54
56
55
52
53
9999
55
53
54
56
57
59
67
9999
56
49
51
52
54
55
59
65
72
9999
57
58
53
55
67
68
69
63
74
75
30
9999
58
51
53
57
30
9999
59
56
55
67
68
65
121
147
9999
60
61
62
64
82
84
174
185
187
189
9999
61
60
62
64
9999
62
60
61
72
82
9999
63
57
66
75
77
120
9999
64
60
61
71
83
84
9999
65
59
72
121
125
148
149
9999
66
63
33
70
75
76
77
9999
67
55
68
9999
68
59
67
74
147
9999
33
66
70
74
75
124
147
9999
70
66
33
73
76
80
124
214
9999
71
64
83
84
174
9999
72
49
62
65
82
40
149
185
9999
73
73
76
76
78
79
80
206
9999
74
57
68
33
147
9999
75
49
63
66
33
9999
76
66
70
73
77
79
73
76
9999
77
63
66
76
79
120
37
9999
78
73
79
81
206
9999
79
73
76
77
78
81
37
9999
80
70
73
73
76
206
214
9999
81
78
79
14
37
206
9999
82
60
62
72
185
9999
83
64
71
9999
84
60
64
71
174
9999
85
94
97
98
107
108
9999
86
87
88
93
103
107
9999
87
86
88
89
93
105
9999
88
107
87
92
89
108
86
90
9999
89
87
88
90
105
9999
90
88
89
92
102
105
9999
91
92
95
96
99
102
108
9999
92
88
90
91
102
108
9999
93
86
87
103
167
9999
94
103
107
85
97
119
138
123
9999
95
91
96
98
108
141
9999
96
91
99
101
95
106
141
9999
97
85
94
98
104
123
9999
98
85
95
97
104
108
141
9999
99
91
96
100
101
102
9999
100
99
101
102
105
109
114
131
9999
101
106
99
100
96
131
9999
102
90
91
92
99
100
105
9999
103
86
93
94
107
117
119
167
9999
104
97
98
123
132
137
141
9999
105
87
89
90
100
102
109
9999
106
101
96
141
126
131
9999
107
85
86
88
103
94
108
9999
108
85
88
91
92
95
98
107
9999
109
112
114
100
105
9999
110
114
111
113
112
145
9999
111
114
110
115
145
9999
112
109
110
113
114
133
139
9999
113
112
110
133
130
145
9999
114
109
112
110
111
115
100
131
9999
115
111
114
131
136
128
145
9999
116
122
133
150
252
255
9999
117
103
118
119
134
167
172
9999
118
117
134
172
181
9999
119
103
117
125
134
138
9999
120
133
139
150
9999
121
124
125
129
138
147
65
9999
122
116
127
151
252
9999
123
104
129
137
138
9999
124
121
129
144
147
33
70
214
9999
125
119
121
134
138
148
65
9999
126
106
131
135
140
141
219
9999
127
122
142
151
152
252
9999
128
115
130
136
145
154
155
156
9999
129
121
123
124
132
137
138
143
144
9999
130
113
128
133
145
156
212
247
255
9999
131
106
114
126
136
140
9999
132
104
129
137
141
143
214
9999
133
113
116
120
130
139
150
255
9999
134
117
118
119
125
148
181
9999
135
126
136
140
215
231
9999
136
115
128
131
135
140
154
215
9999
137
104
123
129
132
9999
138
94
119
121
123
125
129
9999
139
112
120
133
9999
140
126
131
135
136
9999
141
95
126
132
214
219
9999
142
127
146
152
252
253
9999
143
129
132
144
214
9999
144
124
129
143
214
9999
145
113
128
130
9999
146
142
15
245
253
9999
147
121
124
68
33
74
9999
148
125
134
149
65
181
9999
149
148
65
72
181
185
194
9999
150
116
120
133
9999
151
122
127
9999
152
127
142
9999
15
146
245
9999
154
128
136
155
215
216
9999
155
128
154
156
213
216
9999
156
128
130
155
212
213
9999
157
158
163
171
9999
158
157
163
164
9999
159
160
163
164
9999
160
159
161
163
9999
161
160
162
163
165
9999
162
161
165
168
190
9999
163
157
158
159
160
161
164
165
169
171
178
179
183
9999
164
158
159
163
9999
165
161
162
163
168
179
196
9999
166
175
180
184
191
193
198
199
200
154
9999
167
169
172
93
117
9999
168
162
175
196
197
9999
169
163
167
171
172
178
9999
170
188
190
9999
171
163
169
9999
172
167
169
178
181
117
118
9999
173
176
193
202
9999
174
186
189
204
60
71
84
9999
175
166
168
179
180
182
184
196
197
9999
176
173
202
9999
177
184
185
187
192
195
9999
178
163
169
172
181
183
194
9999
179
163
175
182
183
192
196
9999
180
166
175
9999
181
172
178
194
118
134
148
149
9999
182
175
179
184
192
9999
183
163
178
179
185
192
194
9999
184
166
175
177
182
192
195
198
199
9999
185
177
183
187
192
194
60
72
82
149
9999
186
174
189
191
204
9999
187
177
185
189
195
60
9999
188
170
9999
189
174
186
187
191
195
200
60
9999
190
162
170
9999
191
166
186
189
193
200
203
9999
192
177
179
182
183
184
185
9999
193
166
173
191
154
202
203
9999
194
178
181
183
185
149
9999
195
177
184
187
189
198
200
9999
196
165
168
175
179
9999
197
168
175
9999
198
166
184
195
199
200
9999
199
166
184
198
9999
200
166
189
191
195
198
9999
154
166
193
9999
202
173
176
193
203
9999
203
191
193
202
9999
204
174
186
205
9999
205
204
9999
206
208
209
211
214
217
218
14
73
78
80
81
9999
207
210
213
215
216
232
9999
208
206
209
214
221
222
9999
209
206
208
211
225
9999
210
207
211
213
225
228
229
232
9999
211
206
209
210
217
225
229
234
9999
212
213
235
236
237
238
239
240
242
130
156
247
257
9999
213
207
210
212
216
228
235
156
9999
214
206
208
219
221
70
80
124
132
141
143
144
9999
215
207
216
230
231
232
135
136
154
9999
216
207
213
215
154
155
9999
217
206
211
218
226
234
244
7
9999
218
206
217
7
14
9999
219
214
221
126
141
9999
219
221
231
126
135
9999
221
208
214
219
222
231
233
9999
222
208
221
233
9999
208
209
222
224
233
9999
224
9999
225
209
210
211
224
232
9999
226
217
227
244
7
9999
227
226
244
4
9999
228
210
213
229
234
235
9999
229
210
211
228
229
234
9999
230
215
231
232
233
9999
231
215
221
230
233
135
9999
232
207
210
215
224
225
230
233
9999
233
221
222
224
230
231
232
9999
234
211
217
229
235
236
237
244
9999
235
212
213
228
229
234
236
9999
236
212
234
235
237
9999
237
212
234
236
238
9999
238
212
237
242
9999
239
212
240
70
255
257
260
9999
240
212
239
241
242
11
70
251
9999
241
240
242
11
9999
242
212
238
240
241
8
11
22
27
9999
234
237
238
242
244
4
22
9999
244
217
226
227
234
4
9999
245
246
252
253
146
15
9999
246
245
248
252
254
260
9999
247
255
256
257
130
212
9999
248
246
258
260
9999
249
262
264
266
9999
70
251
260
264
265
266
267
268
272
239
240
9999
251
70
270
272
11
29
240
9999
252
245
246
253
254
255
116
122
127
142
9999
253
245
252
142
146
9999
254
246
252
255
260
9999
255
247
252
254
256
257
260
116
130
133
239
9999
256
247
255
257
9999
257
247
255
256
212
239
9999
258
248
259
260
9999
259
258
260
262
263
266
9999
260
246
248
70
254
255
258
259
266
239
9999
249
262
9999
262
249
259
263
266
9999
263
259
262
9999
264
249
70
265
266
9999
265
70
264
9999
266
249
70
259
260
262
264
9999
267
70
268
269
272
9999
268
70
267
9999
269
267
272
9999
270
251
271
272
9999
271
270
9999
272
70
251
267
269
270
9999
241
11
240
241
9999
269
270
272
9999
