230275
244024
109204
136267
110244
152885
67535
18676
38627
18957
17428
36351
49302
79672
5435
20775
31389
6572
10296
13049
18761
9157
11944
7446
9212
14615
16763
8072
10191
260987
86221
97636
64781
92408
57955
47473
73268
39697
41717
44090
90342
32828
18494
10378
14978
5830
6458
6685
93771
64604
127847
82506
34184
62288
76244
156709
223335
108236
121422
65574
72754
31278
152926
17793
74983
66883
44454
63960
59701
48432
50708
28807
53038
12530
13581
6990
7942
1611
4331
27137
2969
14335
2305
20115
81948
51726
53998
62727
69846
59460
49655
44353
77773
140308
61150
87301
77961
133503
85327
125825
109248
97964
137798
84909
105040
158336
83727
60153
119002
96004
71250
107156
128249
122805
31401
159570
316803
83405
280080
60440
291561
70459
119240
326326
215352
214933
81005
96414
196187
95077
101729
100454
141118
101257
59731
95514
105627
67414
48255
53309
399078
51101
44905
61862
46272
46735
23712
20200
10541
14111
35247
6371
15640
11189
13488
5530
164207
103001
91409
83766
137821
182667
182909
95128
194355
422797
378978
235211
373551
41164
76645
155962
26873
72786
212644
41637
35897
181870
67832
76477
130323
39393
86791
39453
37045
23285
57195
43399
28226
41567
35684
31621
65858
25055
19555
26037
27080
11739
15517
10656
26615
14599
17262
17725
14282
300193
57429
74843
53285
99796
49573
30294
26534
93955
56387
28710
31231
3929
17218
19017
23186
6782
7465
6397
26687
1781
1999
6675
5407
19752
18483
26117
16365
8511
16321
6252
887
1645
495
3689
1077
644
1853
2367
313379
48670
55587
26398
21255
67766
27248
56113
39511
9918
16530
4625
3529
11702
6481
23247
6835
6233
6024
7721
11585
9153
20040
12119
4486
15366
3079
3019
453
16917