229940
246020
108911
136556
111045
154193
67202
18136
38831
18545
16959
36484
48548
78972
5415
20760
31809
7117
10599
12929
18845
9026
12094
7362
8908
14088
16372
7988
10064
266154
86997
97533
65031
94609
59274
48154
73453
39878
42152
43886
90363
32822
18485
10485
15291
5817
6397
6598
92866
63848
127137
83640
33444
63301
76952
156790
223397
108426
121005
65338
72071
30745
153338
17480
74791
66605
44225
64439
60140
49301
50059
28509
54389
12553
13360
6832
7909
1548
4181
27712
2863
14011
2245
19816
82956
53960
54836
65389
69983
58760
52050
46117
78116
140394
61883
87318
77253
134631
85139
125567
108444
96854
140016
86097
104882
158620
86945
64359
119790
97581
71401
107863
127123
124140
31461
159622
317773
83748
280585
60221
291263
70640
119465
327909
217279
214730
81411
95929
196392
94389
101307
100058
143592
102765
59242
95006
104611
66814
47941
53526
398138
51062
44979
62049
46082
46833
23733
19885
10365
13973
35397
6384
15271
11158
13456
5421
165581
104283
91752
83150
137920
182861
184154
97346
196422
424653
381122
236994
377244
40388
77069
157316
26390
72021
214299
41614
35647
184068
67447
76675
130931
39563
88748
38908
36582
22753
56478
42892
27834
40914
35152
31682
65659
25461
19206
25870
27157
11495
15404
10535
26766
14353
16771
17301
13942
300282
57607
74327
53201
100439
49261
29766
25904
95423
57605
29007
30460
3804
17048
18876
23305
6704
7299
6359
26707
1684
1910
6544
5282
19576
18500
26376
16180
8169
16152
6045
825
1577
502
3570
1017
626
1744
2213
312812
47850
55386
25995
21079
66936
26827
55739
40317
9540
16100
4476
3426
11495
6412
22971
6788
6208
5806
7612
11429
9033
19827
12146
4316
15073
2976
2919
440
16546