234096
253979
108520
138965
114921
160738
67233
17185
40680
17713
15914
37584
46746
80311
5532
21075
33073
7553
11505
12709
18896
8739
12397
7159
8573
13099
15520
7658
9664
275630
90186
98569
66510
101186
61772
50810
75220
40656
44063
43299
92556
32752
18404
10292
16492
5885
6199
6414
93962
65906
131625
87668
33209
65918
82294
163091
229668
109669
123227
65851
70887
29946
155552
16874
74714
65770
44129
65108
60332
51653
48848
28450
56329
12590
13409
6706
7954
1423
3939
28722
2702
13579
2089
19456
86322
59032
56866
73346
69932
57662
58600
54778
79995
145328
68508
110362
77841
137931
88437
128438
109642
99548
146403
88644
105763
164338
98378
77877
122817
99920
71651
110667
126035
127528
32102
161377
325894
84252
290675
60883
292303
71251
120983
331150
222224
220311
82132
95302
198622
93449
101102
100728
147436
107942
59403
94120
105348
68761
47471
53991
412567
51093
45344
62588
46570
46819
24980
19027
9916
14302
35475
6665
14511
11251
13274
5078
172553
108691
93846
87584
139527
185215
184992
111251
200571
436066
388683
241406
387010
39162
79683
162117
25948
70843
218538
41151
35155
189737
66848
76582
131792
39893
92244
38485
36456
21709
55785
41740
27051
39610
34018
32352
64965
25389
18590
26036
27963
11144
15735
10161
27071
13794
16071
16559
13433
302596
57395
74040
53379
101884
49241
28624
24608
97315
60154
29503
28941
3511
16544
19078
23130
6679
7320
6116
26976
1541
1753
6254
5016
19342
19057
27346
15882
7559
15875
5538
755
1434
434
3252
922
568
1536
1958
313535
46382
54815
25261
20744
65611
26154
54853
41716
8875
15524
4167
3073
11014
6263
22600
6535
6318
5421
7352
11163
8733
19382
12288
4017
14381
2946
2726
427
15707