233751
254250
108102
138491
115284
160827
66905
16919
40634
17363
15684
37691
46140
79656
5503
20991
33182
7638
11579
12591
18842
8547
12520
7113
8400
12747
15215
7628
9598
276283
90370
97957
66568
102435
62237
51291
75050
40646
44231
42997
92474
32556
18334
10094
16429
5887
6120
6323
93681
65789
131286
88599
32872
66386
82513
163276
229482
109512
123354
65503
70296
29669
155103
16612
74469
65358
44145
65065
60086
52319
48389
28125
56922
12650
13349
6652
7932
1391
3837
29018
2638
13317
2067
19223
86219
59343
56608
74969
69774
57070
59342
55952
79735
144861
68281
109723
77488
138551
88908
128388
109655
98352
147043
88803
105016
164181
100798
80784
122666
100056
71720
111073
125003
128020
32072
161066
326770
84049
293172
60876
291862
71333
121077
331078
223151
220380
82203
95007
198489
92866
100921
100859
147852
108499
59213
93828
104986
69616
47146
54111
411696
50865
45186
62617
46531
46656
24865
18746
9740
14238
35436
6679
14319
11190
13240
4980
172936
109486
93625
87141
139355
184642
184074
111914
199892
436500
387902
242058
388053
38778
79844
162745
25768
70252
218445
40978
34830
189840
66470
76347
131707
39721
92529
38183
36173
21411
55337
41463
26727
39205
33555
32261
64619
25309
18449
26011
27994
11066
15801
10023
27063
13607
15801
16312
13253
302219
57133
73637
53349
101719
49027
28136
24249
97262
60545
29606
28402
3455
16483
19204
23059
6664
7304
6086
26898
1477
1706
6165
4961
19236
19173
27525
15722
7358
15667
5391
740
1395
432
3194
913
554
1515
1889
312510
45830
54417
25041
20546
64969
25871
54627
42079
8691
15341
4100
2998
10784
6201
22534
6447
6308
5342
7276
11052
8616
19181
12433
3904
14190
2919
2639
424
15411