62906
114619
148295
56834
64455
38444
130339
49975
228742
83859
73386
83650
30899
24380
47348
34567
53965
67829
38311
28698
44499
163369
36984
49916
32022
48491
25637
11314
6903
10443
10630
4061
7028
8739
3949
5162
310
346062
146942
36240
42635
27469
34708
40068
26440
45090
76899
2258
18190
22151
21768
11159
371019
46816
87871
24765
13782
58230
19249
28300
90966
39601
40521
4635
29980
21713
18720
11737
15612
7946
16639
217594
54574
24997
29312
20676
55121
24389
68195
74937
15747
2450
9257
18735
8496
8773
6875
12923
159254
41511
25793
30031
22504
25180
58321
41195
59925
57960
21048
27723
25083
14085
1016
11726
7288
13350
15222
1539
3656
7340
4919
2574
21445
653
550
314311
196977
131146
42320
85105
41638
42296
35766
56722
27175
37532
24358
18779
45623
55243
81465
51023
25163
80988
4147
3359
2640
886
675
9975
16907
12565
6414
3833
5569
17593
12498
6564
16963
20389
8223
11925
4170
7275
11219
10599
4254
5434
384
890
3094
507
1310
1456
5352
5557
930
4182
3749
2596
734
3358
10216
2504
1620
7065
3840
4249
8719
8276
7811
2639
12972
9221
6043
11442
4129
3182
7744
2376
9983
1809
339816
132012
74129
93653
74034
66481
18299
32011
55335
43386
44051
49798
120205
81817
23690
41890
21500
28187
36593
28913
30406
19815
18223
25377
22829
6480
16205
7885
12170
18998
18935
19558
14578
6790
4680
8661
3592
9903
7721
2071
15635
1332