62699
114676
148200
56879
64355
38200
130201
49505
227759
83435
72766
83201
30592
24065
46624
34460
53277
67486
37843
28297
43962
162523
36633
49140
31557
48212
25436
11293
6847
10332
10369
3986
7077
8564
3907
5066
311
345994
146745
35939
42146
27471
34687
40016
26114
44634
76731
2265
18044
22068
21620
10944
371946
46249
88100
24294
13553
57831
19136
28413
91253
39741
40753
4650
30126
21798
18413
11562
15411
7726
16245
217342
54327
24824
28988
20417
55247
24239
67741
74909
15578
2392
9157
18582
8359
8772
6795
12729
158851
41368
25604
29770
22148
25061
58303
41050
60331
57974
20771
27475
25156
13952
996
11392
7134
13219
15388
1517
3644
7458
4908
2595
21500
650
550
313601
196745
131128
42156
84646
41392
42216
35537
56441
27103
37322
24153
18451
45679
55384
81558
50951
25077
80870
4088
3312
2665
881
655
9843
16957
12581
6400
3800
5507
17506
12483
6588
16771
20396
8164
12025
4173
7266
11172
10518
4187
5421
368
870
3048
497
1278
1421
5334
5517
926
4106
3693
2564
708
3343
10024
2478
1597
7076
3863
4162
8657
8245
7769
2604
12811
9141
6044
11319
4085
3188
7642
2291
9887
1769
339788
131883
73607
93483
73678
66115
18088
31835
55320
42971
44446
49595
120512
82324
23427
42298
21186
28088
36164
28509
29993
20175
18209
25058
22730
6350
16115
7889
12159
18735
18774
19498
14661
6727
4684
8587
3517
9745
7566
2030
15520
1327