5
6
10
11
13
18
21
25
9999
2
10
15
17
18
19
20
21
22
116
9999
3
30
38
39
69
9999
4
1
10
20
9999
5
1
9
12
14
21
22
23
9999
6
1
10
25
26
36
40
119
126
9999
7
26
28
29
30
9999
8
27
31
32
33
34
9999
9
2
5
15
22
23
9999
10
1
2
4
6
19
20
116
126
9999
11
1
24
25
28
9999
12
5
14
9999
13
1
5
14
23
9999
14
5
12
13
23
9999
15
2
9
16
17
128
130
9999
16
15
130
9999
17
2
15
116
128
9999
18
1
2
4
20
21
9999
19
2
10
116
9999
20
2
4
10
18
9999
21
1
2
5
18
22
9999
22
2
5
9
21
9999
23
5
9
13
14
9999
24
11
27
28
29
9999
25
1
6
11
28
9999
26
6
7
28
30
36
9999
27
8
24
29
32
9999
28
6
7
11
24
25
26
29
9999
29
7
24
27
28
32
9999
30
3
7
26
36
9999
31
8
33
34
9999
32
8
27
29
9999
33
8
31
9999
34
8
31
9999
35
37
38
40
51
119
9999
36
3
6
26
30
38
40
9999
37
35
51
52
119
9999
38
3
35
36
40
51
69
9999
39
3
69
72
9999
40
6
35
36
38
119
9999
41
42
44
52
54
55
56
58
59
66
9999
42
41
44
47
64
65
66
9999
43
49
50
63
9999
44
41
42
45
47
53
54
58
60
9999
45
44
53
60
61
9999
46
55
66
69
70
71
72
9999
47
42
44
50
53
63
64
9999
48
49
53
62
63
81
87
88
137
9999
49
43
48
63
81
9999
50
43
47
63
64
9999
51
52
69
71
73
35
37
38
9999
52
41
51
54
56
73
37
119
125
9999
53
44
45
47
48
60
61
62
63
137
9999
41
52
54
9999
54
41
44
52
58
59
60
125
9999
55
41
46
56
66
71
73
9999
56
41
52
55
73
9999
58
41
44
54
59
9999
59
41
54
58
9999
60
44
45
53
54
115
122
125
135
137
9999
61
45
53
9999
62
48
53
9999
63
43
47
48
49
50
53
9999
64
42
47
50
65
9999
65
42
64
9999
66
41
42
46
55
67
68
70
9999
67
66
68
9999
68
66
67
70
9999
69
46
51
71
72
3
38
39
9999
70
46
66
68
9999
71
46
51
55
69
73
9999
72
46
69
39
9999
73
51
52
55
56
71
9999
74
75
76
77
78
103
107
148
149
9999
75
74
76
78
85
101
102
9999
76
74
75
77
83
9999
77
74
76
83
94
96
138
148
9999
78
74
75
103
9999
79
87
89
109
110
111
112
9999
80
85
101
102
9999
81
87
112
48
49
9999
82
84
91
92
93
97
173
184
187
9999
83
76
77
86
94
9999
84
82
93
95
97
98
99
9999
85
75
80
101
102
9999
86
83
94
95
98
9999
87
79
81
88
90
109
112
48
9999
88
87
90
48
118
137
9999
89
79
100
110
9999
90
87
88
100
104
106
107
108
109
110
118
159
9999
74
102
103
9999
91
82
92
93
94
96
96
144
9999
92
82
91
144
165
173
9999
93
82
84
91
94
95
9999
94
74
83
86
91
93
95
96
9999
95
84
86
93
94
98
9999
96
74
91
94
138
96
9999
97
82
84
99
183
184
230
9999
98
84
86
95
99
9999
99
84
97
98
230
9999
100
89
90
102
104
110
9999
101
74
80
85
9999
102
74
80
85
100
103
104
9999
103
74
102
104
106
107
9999
104
90
100
102
103
106
9999
106
90
103
104
107
9999
107
74
90
103
106
108
9999
108
90
107
149
159
9999
109
79
87
90
110
9999
110
79
89
90
100
109
9999
111
79
9999
112
79
81
87
9999
123
120
121
122
123
125
127
131
133
9999
114
123
127
128
129
130
9999
115
118
120
122
135
136
137
60
9999
116
119
123
126
128
2
10
17
19
9999
117
121
129
134
9999
118
115
120
136
137
88
90
142
158
159
161
9999
119
116
123
125
126
6
35
37
40
52
9999
120
123
115
118
122
124
136
141
161
172
9999
121
123
117
133
133
9999
122
123
115
120
125
135
60
9999
123
123
114
116
119
125
127
128
9999
124
120
172
9999
125
123
119
122
123
52
54
60
9999
126
116
119
6
10
9999
127
123
114
123
129
131
9999
128
114
116
123
130
15
17
9999
129
114
117
127
131
132
134
9999
130
114
128
15
16
9999
131
123
121
133
127
129
132
133
9999
132
129
131
133
134
9999
133
123
121
131
132
9999
134
117
121
129
132
9999
135
115
122
60
9999
136
115
118
120
9999
137
115
118
48
53
60
88
9999
138
144
147
148
150
151
152
74
96
96
9999
139
165
166
169
173
179
196
199
9999
140
141
154
170
171
9999
141
140
161
163
164
170
171
172
120
9999
142
158
159
160
161
162
163
164
118
9999
143
147
152
153
154
156
162
9999
144
138
150
165
91
92
96
9999
143
148
149
153
157
160
162
9999
146
150
155
166
167
168
169
9999
147
138
143
148
152
153
9999
148
138
147
149
153
74
9999
149
148
157
159
160
74
108
9999
150
138
144
146
151
165
166
168
9999
151
138
150
152
155
156
168
9999
152
138
143
147
151
156
9999
153
143
147
148
9999
154
140
143
155
156
162
167
171
9999
155
146
151
154
156
167
168
9999
156
143
151
152
154
155
9999
157
149
160
9999
158
142
161
118
9999
159
142
149
160
90
108
118
9999
160
142
149
157
159
162
9999
161
141
142
158
163
118
120
9999
162
142
143
154
160
164
171
9999
163
141
142
161
164
9999
164
141
142
162
163
171
9999
165
139
144
150
166
92
173
9999
166
139
146
150
165
169
9999
167
146
154
155
169
179
9999
168
146
150
151
155
9999
169
139
146
166
167
179
9999
170
140
141
171
9999
171
140
141
154
162
164
170
9999
172
141
120
124
9999
173
181
184
186
188
199
82
92
139
165
9999
174
179
191
192
198
199
200
201
206
9999
174
178
181
182
185
189
191
199
217
220
221
9999
176
182
214
217
219
221
222
223
225
9999
177
191
207
208
209
210
211
215
218
9999
178
190
191
216
217
9999
179
174
196
197
198
200
201
139
167
169
9999
183
183
184
230
97
9999
181
173
182
185
188
189
199
220
228
229
9999
182
176
181
220
221
225
226
228
229
9999
183
183
228
9999
184
173
183
186
187
188
82
97
9999
185
181
189
220
9999
186
173
184
187
82
9999
187
184
186
82
9999
188
173
181
184
228
9999
189
181
185
9999
190
178
191
210
216
9999
191
174
177
178
190
192
207
210
9999
192
174
191
195
205
206
207
9999
193
194
195
9999
194
193
195
158
205
9999
195
192
193
194
205
9999
196
179
198
199
139
9999
197
179
200
202
158
9999
198
174
179
196
199
9999
199
173
174
181
196
198
139
9999
200
174
179
197
201
202
206
9999
201
174
179
200
9999
202
197
200
203
158
205
206
9999
203
202
158
205
9999
158
194
197
202
203
205
9999
205
192
194
195
202
203
158
206
9999
206
174
192
200
202
205
9999
207
177
191
192
9999
208
177
209
210
9999
209
177
208
210
215
9999
210
177
190
191
208
209
215
216
9999
211
177
212
213
214
218
9999
212
211
213
9999
213
211
212
214
9999
214
176
211
213
215
218
219
9999
215
177
209
210
214
216
217
218
219
9999
216
178
190
210
215
217
9999
217
176
178
215
216
219
221
9999
218
177
211
214
215
9999
219
176
214
215
217
9999
220
181
182
185
9999
221
176
182
217
9999
222
176
223
9999
223
176
222
224
225
9999
224
223
225
226
9999
225
176
182
223
224
226
9999
226
182
224
225
227
228
9999
227
226
228
9999
228
181
182
183
188
226
227
229
9999
229
181
182
228
9999
230
183
97
99
9999
183
183
184
188
228
9999
