3
16
21
42
9999
2
3
19
21
9999
3
1
17
14
9999
4
5
6
8
9999
5
4
7
8
9999
6
4
7
8
26
9999
7
5
6
4
18
9999
8
6
4
5
9
10
26
79
9999
9
8
5
10
18
9999
10
8
9
16
18
43
42
79
111
9999
11
13
17
27
30
37
38
39
9999
12
15
30
37
9999
13
11
25
37
38
39
9999
14
1
17
22
9999
15
12
27
30
32
9999
16
1
4
19
20
21
29
31
41
42
9999
17
1
11
14
22
25
9999
18
4
23
9999
19
1
16
21
41
9999
20
16
23
28
29
9999
21
1
16
19
9999
22
14
17
25
40
9999
23
18
20
9999
24
33
34
35
9999
25
13
17
22
39
9999
26
4
60
9999
27
11
15
30
32
33
36
9999
28
20
29
31
9999
29
16
20
28
31
9999
30
11
12
15
27
37
9999
31
16
28
29
41
9999
32
15
27
33
9999
33
24
27
32
35
36
9999
34
24
35
9999
35
24
33
34
36
9999
36
27
33
35
9999
37
11
12
13
30
9999
38
11
13
39
9999
39
11
13
17
25
38
9999
40
14
9999
41
16
19
31
9999
42
1
4
16
9999
43
10
20
23
18
16
9999
44
59
50
49
45
56
58
9999
45
44
46
49
56
9999
46
49
47
56
45
65
92
98
9999
47
46
49
48
91
92
9999
48
49
53
47
91
95
101
9999
49
44
45
46
47
48
50
52
53
9999
50
52
44
59
49
51
9999
51
52
50
59
55
9999
52
50
49
53
51
55
54
9999
53
52
49
48
54
95
101
102
9999
54
52
53
55
80
102
103
9999
55
52
59
51
57
54
80
9999
56
46
44
45
58
84
65
63
96
9999
57
55
59
81
80
87
88
97
9999
58
44
59
56
88
96
9999
59
44
55
50
58
51
57
88
9999
60
66
79
8
26
9999
61
66
70
71
72
73
79
109
9999
62
76
78
86
91
92
9999
63
56
65
70
84
96
9999
64
68
75
85
104
105
108
9999
65
46
56
63
74
77
98
9999
66
60
61
73
79
9999
67
90
95
102
9999
68
64
71
72
85
9999
69
70
71
81
83
85
87
94
105
9999
70
61
63
69
71
79
83
88
94
96
110
9999
71
61
68
69
70
72
83
85
9999
72
61
68
71
73
109
9999
73
61
66
72
109
9999
74
65
77
99
100
9999
75
64
82
104
108
9999
76
62
77
86
99
100
9999
77
65
74
76
86
92
98
99
9999
78
62
90
91
95
9999
79
60
61
66
70
110
111
10
8
9999
80
54
55
57
81
82
105
9999
81
57
69
80
87
105
9999
82
75
80
104
105
9999
83
69
70
71
9999
84
56
63
96
9999
85
64
68
69
71
105
9999
86
62
76
77
92
9999
87
57
69
81
97
9999
88
59
58
70
94
96
97
9999
60
9999
90
67
78
93
95
102
9999
91
47
62
78
92
95
9999
92
46
47
62
77
86
91
98
9999
93
90
102
103
9999
94
69
70
88
97
9999
95
53
48
67
78
90
91
101
9999
96
58
56
63
70
84
88
9999
97
57
59
87
88
94
9999
98
46
65
77
92
9999
99
74
76
77
100
9999
100
74
76
99
9999
101
44
95
9999
102
54
53
67
90
93
95
9999
103
93
102
9999
104
64
75
82
105
9999
105
64
69
80
81
82
85
104
9999
106
9999
75
106
108
9999
108
64
75
9999
109
61
72
73
9999
110
70
79
111
9999
111
79
110
10
9999
110
111
10
9999
