211903
52433
34886
64272
38292
35065
28501
28202
5322
1787
2531
22082
6226
9362
4610
7308
9779
11861
17213
25828
11892
10944
10170
13088
341145
89539
48112
28251
53127
45508
30735
59446
14065
14438
23922
2892
13451
21516
8944
19607
17129
415584
144241
73946
33884
102868
93704
41003
32804
76570
37662
28210
6695
9393
25413
18468
16274
10397
3976
10378
22226
277354
15284
17210
40450
24930
21148
19498
14834
30478
27716
24762
2893
3277
2708
2835
1282
903
3436
3591
4853
3986
427
22868
6399
7180
12120
5957
3507
5067
5871
17371
5598
1599
11596