212107
52225
34684
64093
38104
34756
28277
27730
5266
1782
2502
22077
6091
9192
4514
7157
9636
12008
17456
25972
11877
10914
9951
12994
342134
89732
48073
28094
52877
45164
30362
59217
13850
14295
23870
2829
13441
21420
8804
19505
17069
416944
143491
73232
33391
102694
93521
40505
32706
76400
37276
28331
6600
9243
25517
18467
16072
10255
3901
10246
21960
277042
14872
17054
40214
24743
20951
19267
14585
30265
27678
24438
2832
3245
2647
2767
1271
890
3416
3537
4716
3935
420
22579
6271
7101
12038
5892
3448
5003
5807
17093
5505
1566
11497