211926
51810
34292
63327
37664
34342
27642
26869
5140
1714
2452
21948
5865
8903
4360
6951
9370
12256
17710
26416
11827
10778
9600
12895
343695
89822
47389
27640
52427
44400
29680
58602
13515
14068
23756
2788
13566
21130
8622
19403
16840
419158
141510
71586
32875
102139
93417
39606
32315
75940
36380
28243
6432
8846
25575
18345
15672
9906
3835
9999
21308
276861
14389
16715
39756
24388
20474
18899
14139
29932
28128
23923
2751
3141
2566
2684
1247
851
3369
3448
4479
3841
412
22099
6037
6891
11887
5670
3324
4863
5669
16693
5317
1517
11195