212807
51521
34110
63059
37453
34062
27269
26038
4982
1658
2342
22050
5672
8555
4176
6736
9166
12405
17968
27075
11725
10717
9189
12824
346766
91351
47010
27383
52497
43898
29225
58230
13208
13877
23750
2749
13927
21018
8382
19826
16734
421473
140765
70213
32053
102053
93547
39010
32187
75990
35793
28096
6539
8529
25459
18153
15248
9424
3761
9725
20732
276963
13814
16273
39576
24061
20042
18658
13755
29759
28078
23607
2616
3050
2480
2620
1223
820
3353
3344
4245
3686
394
21606
5725
6749
11690
5486
3224
4727
5456
16317
5119
1476
10878