212909
51376
33892
62875
37248
33913
27095
25729
4952
1623
2308
22015
5544
8463
4133
6612
9061
12497
18074
27274
11685
10674
9047
12765
348080
91284
46694
27383
52314
43673
28916
57892
13136
13825
23811
2731
14111
20938
8288
19727
16620
422729
140130
69816
31822
101910
93274
38794
32084
75760
35610
28067
6418
8381
25505
18143
15152
9400
3735
9634
20530
278202
13658
16199
39645
23973
19842
18580
13562
29752
28082
23560
2571
3025
2474
2595
1207
820
3325
3304
4131
3634
391
21409
5640
6666
11622
5436
3207
4660
5411
16099
5036
1476
10783