212814
50953
33670
62583
36905
33605
26739
25224
4880
1559
2248
21886
5411
8265
4039
6532
8909
12461
18230
27410
11611
10596
8856
12632
348515
91535
46259
27183
51949
43343
28531
57417
12982
13611
23673
2696
14224
20837
8189
19568
16398
422925
139028
68824
31341
101307
92873
38366
31873
75386
35095
28062
6335
8156
25481
18038
14987
9188
3695
9508
20227
277552
13325
15953
39566
23797
19617
18390
13298
29578
27976
23335
2508
2990
2444
2550
1199
797
3304
3229
4003
3570
370
21092
5510
6538
11535
5322
3166
4576
5356
15784
4955
1471
10591