212431
50506
33370
62253
36468
33218
26356
24659
4780
1519
2199
21813
5263
8057
3934
6401
8718
12477
18358
27614
11490
10501
8655
12490
348946
91756
45911
27087
51662
43009
28031
56893
12762
13512
23549
2669
14426
20784
8097
19670
16235
423291
138028
67968
30767
100541
92476
37854
31584
74892
34549
27784
6236
7949
25371
17874
14774
8976
3631
9462
19919
276862
13029
15662
39443
23554
19308
18235
12965
29317
27949
23100
2459
2929
2444
2505
1196
801
3236
3145
3880
3532
369
20683
5336
6413
11346
5254
3141
4530
5251
15655
4840
1453
10369