158547
119749
41923
29733
11000
3729
7190
16096
6296
14400
16159
13410
2609
15815
9962
10059
5300
3532
3098
167121
50186
139954
42627
33698
36048
22518
37001
12908
4886
3488
5051
10740
7942
6026
2052
2943
588
13649
550226
377749
87092
55953
46204
37622
53536
30263
29555
33279
32470
36580
43230
27378
31559
13652
9762
8952
13362
900
12156
9235
5310
1354
4915
14117
11487
103083
95612
110618
146357
172683
124308
62009
107706
206537
25383
84728
125343
373423
37480
48470
35557
24607
139825
95019
27451
24495
40685
22364
20929
10740
7037
17148
7717
15805
9961
237013
142984
156999
48315
96414
45230
122144
44637
34268
30224
24868
125208
54201
18343
5128
3390
13792
11176
3580