158313
119816
41760
29636
10949
3646
7152
16019
6236
14334
16025
13281
2637
15636
9863
9991
5181
3465
3047
167155
49851
139968
42364
33359
35725
22288
36622
12713
4829
3429
4927
10603
7784
5958
2022
2913
564
13442
552552
378868
86694
55721
45719
37493
53503
29800
29277
32982
32306
36539
42875
27101
31324
13459
9786
8933
13194
877
12133
9286
5253
1345
4842
13992
11384
103836
95699
110909
146904
174921
124200
62339
108351
205298
25100
84184
124571
373876
37147
47907
35104
24504
140209
95319
27227
23843
40570
22289
20762
10863
6853
16987
7548
15605
9775
235572
142473
157252
47732
96529
45303
121369
44535
33822
30007
24548
124997
54058
18004
5178
3337
13692
11060
3519