158251
119939
41450
29404
10709
3462
6967
15722
6094
14280
15802
13166
2716
15250
9699
9847
4983
3313
2998
166965
49226
140124
41781
32723
35026
21630
35918
12344
4736
3326
4771
10324
7486
5875
2001
2839
553
13226
555334
380156
85881
54869
45086
36897
53563
28884
28498
32336
32142
36554
42132
26462
30823
13154
9812
8983
12958
872
12107
9380
5175
1345
4697
13649
11049
105041
96490
111333
148011
177896
124059
62957
108937
202410
24577
83000
122928
375906
36453
47282
34192
24144
141465
95826
26610
23327
40438
22388
20435
10842
6592
16734
7256
15208
9436
233169
141803
157188
46519
96282
45532
119739
44106
33026
29609
23878
124127
53720
17330
5113
3239
13559
10910
3430