157456
120154
41222
29345
10666
3416
6862
15522
6019
14219
15611
13036
2698
15107
9649
9717
4926
3229
2935
166898
48793
140064
41475
32364
34703
21480
35388
12140
4659
3265
4695
10179
7357
5790
1969
2788
529
13008
557410
381415
85591
54449
44577
36587
53773
28556
28129
32057
32137
36493
41659
26118
30614
13070
9753
8989
12851
851
11842
9371
5173
1314
4645
13550
10903
104951
96969
111582
148554
179322
123824
63108
109230
200659
24198
82479
122196
376133
35967
46839
33720
23897
141714
95778
26291
23014
40627
22409
20387
10830
6477
16566
7085
15028
9277
231532
141299
157005
45806
96221
45578
118740
43983
32651
29312
23528
123471
53349
16985
5113
3173
13479
10838
3375