156642
121592
40437
29196
10231
3108
6482
14925
5765
14042
15114
12848
2807
14427
9361
9566
4516
3011
2765
166929
47632
142411
40458
31112
33607
20847
34072
11529
4427
3010
4348
9742
6902
5653
1955
2609
519
12521
573337
389259
84467
52718
43305
35457
54787
27774
26654
31218
31956
36605
40049
24912
29699
12627
9732
9101
12565
811
11402
9206
5125
1271
4405
12923
10394
111076
98064
115534
154097
185613
123128
64865
111382
195827
23275
81394
119985
383176
34831
45410
32033
23651
147901
96423
25582
22205
41879
23542
20245
10588
5994
16447
6788
14578
8556
228599
140562
157888
43682
96663
46000
116531
43636
31115
28202
22435
122018
53125
15757
5094
2813
13168
10597
3155