155989
121520
40005
28895
10113
3041
6374
14753
5663
13925
14988
12748
2811
14263
9332
9480
4398
2958
2730
166576
47098
142451
40050
30619
33328
20564
33699
11306
4349
2957
4229
9643
6781
5576
1900
2563
524
12379
575127
390076
83854
52198
42700
35085
54983
27391
26223
30798
31769
36461
39579
24526
29526
12459
9753
9128
12442
803
11269
9167
5089
1242
4346
12746
10270
112025
98303
115820
155052
187114
122524
65024
111774
194486
22964
80909
118993
383368
34410
44913
31577
23555
148435
96473
25334
21772
41972
23827
20090
10583
5857
16296
6651
14390
8394
226631
139821
157675
43053
96376
46167
115473
43519
30720
27895
22073
121377
52898
15401
5106
2713
13114
10459
3085