181815
227562
210464
172651
178580
122122
176066
107401
115151
92649
236814
113337
294850
79845
153469
138638
103673
9799
75321
32147
20759
141904
32237
22241
14718
99406
10967
20805
18509
25105
9234
24366
74678
36118
16050
3935
20190
19773
43309
55241
30679
49254
49785
39400
15191
2933
8005
4526
4340
4590
23796
3762
15014
15734
5311
7591
4976
3878
3751
2714
5123
8345
1608
2934
2657
4478
3873
1874
1647
2145
2836
12565
5457
12491
1569
912
2244
3332
3220
17939
1022
7111
5384
3425
5144
10023
11328
3316
1926
6029
3073
2373
2392
1888
3125
6063
7397
6094
3605
2892
3644
6326
9274
9587
4536
2407
996
3358
3092
3176
4301
671
1596
1450
4546
3167
3059
6996
1197
2574
3036
2241
3429
1724
7589
3674
2541
2108
2472
2181
18062
4923
10550
3811
4575
4681
2909
4947
18524
8399
2687
3540
994
4110
6709
3795
2430
16739
4091
8641
7485
8137
11405
4633
4812
11664
4389
4435
21036
36039
5387
4386
4594
5679
8580
15280
3227
2755
5070
6651
22259
6512
3041
6968
6590
2356
4858
16812
8873
5432
6933
6957
2056
8093
12814
19225
4637
4797