189399
231490
213761
175811
182705
121211
176616
108451
116385
93276
234000
110857
293483
78129
151624
139569
103282
9125
74202
31714
20150
142564
31592
21442
14240
99652
10529
20655
18033
24715
8783
24084
75829
35564
15652
3694
19717
19589
42773
55632
30428
49248
49608
39129
14832
2885
7659
4291
4185
4339
23791
3662
14555
15378
5124
7350
4812
3787
3621
2601
4971
7944
1511
2886
2627
4398
3990
1825
1593
2071
2741
12805
5338
12096
1518
880
2147
3161
3102
17648
960
7025
5202
3287
4970
9845
11101
3303
1840
5899
2945
2315
2352
1824
3042
5952
7749
5966
3520
2801
3508
6403
9079
9476
4449
2360
1036
3281
2990
3103
4156
640
1544
1388
4373
3056
2986
6678
1172
2531
2897
2260
3324
1679
7422
3569
2438
2004
2358
2131
17653
4708
10398
3740
4457
4571
2824
4803
18170
8187
2600
3493
984
4142
6558
3718
2333
16355
4007
8487
7278
7955
11167
4714
4802
11338
4211
4296
20642
36152
5312
4254
4535
5641
8452
15266
3294
2743
4955
6479
22467
6335
2969
6747
6373
2274
4645
16747
8628
5278
6809
6822
2039
7733
12879
19359
4534
4769