192211
233418
214867
176778
184210
121152
177702
108744
116758
93598
233389
109926
293526
77648
151235
140044
103252
8887
73728
31783
20005
143133
31360
21223
13982
99934
10339
20505
17848
24660
8621
23906
76544
35610
15658
3618
19632
19501
42736
55861
30492
49259
49313
39128
14747
2833
7554
4232
4131
4277
23927
3631
14582
15203
5087
7354
4767
3747
3581
2582
4943
7809
1484
2847
2603
4338
4011
1829
1554
2120
2720
12965
5314
11967
1519
867
2111
3114
3040
17352
939
6948
5143
3204
4884
9834
11010
3253
1811
5856
2889
2293
2322
1791
2978
5912
7878
5941
3469
2748
3503
6405
9034
9406
4403
2337
1052
3233
2948
3044
4117
636
1505
1362
4319
3001
2957
6624
1163
2497
2883
2271
3304
1658
7377
3536
2418
1992
2353
2109
17603
4641
10258
3691
4453
4521
2788
4752
18155
8102
2546
3479
1003
4080
6492
3707
2324
16247
4012
8453
7288
7838
11029
4604
4787
11259
4123
4240
20580
36192
5261
4227
4544
5635
8393
15311
3269
2709
4936
6381
22550
6305
2932
6702
6344
2247
4587
16768
8653
5230
6709
6779
2053
7607
12807
19418
4500
4726