1
3
4
5
6
7
9999
2
3
7
9
43
45
9999
3
1
4
26
45
9999
4
1
3
8
10
26
9999
5
1
4
6
9999
6
1
5
7
9
33
40
12
41
70
71
81
9999
7
1
2
6
9
9999
8
10
26
42
9999
9
2
7
6
43
12
9999
10
4
5
6
8
42
40
9999
11
44
51
52
9999
12
43
80
81
9999
13
25
37
97
98
99
100
102
103
104
109
96
9999
14
39
41
9999
15
132
175
177
178
181
182
183
184
9999
16
153
154
155
160
166
167
168
171
9999
17
20
102
131
132
136
137
138
139
145
162
9999
18
19
25
31
85
87
107
108
149
152
9999
19
18
24
26
31
46
82
86
87
88
9999
20
17
135
145
9999
21
94
95
115
116
9999
22
33
148
149
151
9999
23
123
127
9999
24
19
25
31
83
88
89
9999
25
13
18
24
27
31
36
37
38
83
84
104
106
107
9999
26
3
4
8
19
42
45
46
82
9999
27
25
34
35
36
37
9999
28
139
140
141
142
9999
29
30
100
101
102
109
110
111
96
141
9999
30
29
111
112
96
144
9999
31
18
19
24
25
9999
32
180
185
9999
33
6
22
40
41
85
86
148
151
9999
34
27
35
37
90
91
93
9999
35
27
34
36
83
84
90
9999
36
25
27
35
84
9999
37
13
25
27
34
91
92
95
96
116
9999
38
25
105
106
107
9999
39
14
41
147
148
9999
40
6
10
33
42
86
9999
41
6
14
33
39
69
70
147
148
150
9999
42
8
10
26
40
82
86
9999
43
2
9
12
45
90
115
9999
44
11
50
51
53
58
9999
45
2
3
26
43
46
88
89
90
9999
46
19
26
45
88
9999
47
48
57
9999
48
47
49
57
9999
49
48
50
57
9999
50
44
49
57
58
9999
51
11
44
52
53
9999
52
11
51
53
9999
53
44
51
52
54
58
9999
54
53
55
58
59
61
62
9999
55
54
61
63
65
146
9999
56
57
58
59
9999
57
47
48
49
50
56
58
9999
58
44
50
53
54
56
57
59
9999
59
54
56
58
9999
60
9999
61
54
55
62
63
9999
62
54
61
63
9999
63
55
61
62
64
65
9999
64
63
65
66
9999
65
55
63
64
66
146
9999
66
64
65
67
72
73
74
146
9999
67
66
68
70
71
72
146
9999
68
67
69
70
71
146
150
9999
69
41
68
70
150
9999
70
1
41
67
68
71
69
9999
71
6
68
70
71
72
81
9999
72
66
67
68
70
71
73
79
81
9999
73
66
72
74
75
78
79
9999
74
66
73
9999
75
73
76
78
9999
76
75
77
78
9999
77
76
78
9999
78
73
75
76
77
79
80
9999
79
72
73
78
80
81
9999
80
12
78
79
81
9999
81
6
12
71
72
79
80
9999
82
19
26
42
86
9999
83
24
25
35
84
89
90
9999
84
25
35
36
83
9999
85
18
33
86
87
149
151
9999
86
19
33
40
42
82
85
87
9999
87
18
19
85
86
9999
88
19
24
45
46
89
9999
89
24
45
83
88
90
9999
90
34
35
43
45
83
89
93
115
9999
91
34
37
92
93
94
9999
92
37
91
94
95
9999
93
34
90
91
94
9999
94
21
91
92
93
95
115
9999
95
21
37
92
94
116
9999
96
37
116
117
118
120
114
112
30
29
109
13
9999
97
13
109
9999
98
13
103
104
9999
99
13
100
101
102
9999
100
13
29
99
101
109
9999
101
29
99
100
102
9999
102
13
17
29
99
101
103
104
139
141
162
164
9999
103
13
98
102
104
9999
104
13
25
98
102
103
105
106
164
9999
105
38
104
106
107
164
9999
106
25
38
104
105
9999
107
18
25
38
105
108
153
164
135
9999
108
18
107
152
153
154
9999
109
13
29
97
100
110
96
9999
110
29
109
9999
111
29
30
141
143
144
9999
112
30
113
114
96
126
144
9999
113
112
114
125
126
9999
114
112
113
96
120
121
125
122
9999
115
21
43
90
94
9999
116
21
37
95
96
117
9999
117
96
116
118
9999
118
96
117
119
120
9999
119
118
120
9999
120
114
96
118
119
121
9999
121
114
120
122
9999
122
114
121
123
124
125
127
9999
123
23
124
127
122
9999
124
123
125
126
122
9999
125
113
114
124
126
122
9999
126
112
113
124
125
144
9999
127
23
123
122
9999
128
9999
129
130
9999
130
129
9999
131
17
132
145
182
9999
132
15
17
131
136
175
176
182
9999
133
134
135
186
9999
134
133
135
182
186
186
9999
135
20
133
134
145
182
9999
136
17
132
137
176
9999
137
17
136
162
175
176
9999
138
17
139
140
9999
139
17
28
102
138
140
141
9999
140
28
138
139
9999
141
28
29
102
111
139
142
143
9999
142
28
141
143
144
9999
143
111
141
142
144
9999
144
30
111
112
126
142
143
9999
145
17
20
131
135
9999
146
55
65
66
67
68
150
9999
147
39
41
148
150
9999
148
22
33
39
41
147
9999
149
18
22
85
151
152
9999
150
41
68
69
146
147
9999
151
22
33
85
149
9999
152
18
108
149
153
154
9999
153
16
107
108
152
154
155
135
166
9999
154
16
108
152
153
155
9999
155
16
153
154
159
167
9999
156
157
159
169
170
9999
157
156
158
170
9999
158
157
170
9999
159
155
156
167
169
9999
160
16
161
163
166
171
172
9999
161
160
162
163
172
174
9999
162
17
102
137
161
163
164
174
175
9999
163
160
161
162
164
135
166
9999
164
102
104
105
107
162
163
135
9999
135
107
153
163
164
166
9999
166
16
153
160
163
135
9999
167
16
155
159
168
169
9999
168
16
167
169
171
9999
169
156
159
167
168
170
171
173
9999
170
156
157
158
169
9999
171
16
160
168
169
172
173
9999
172
160
161
171
173
174
177
9999
173
169
171
172
177
9999
174
161
162
172
175
177
184
9999
175
15
132
137
162
174
176
184
9999
176
132
136
137
175
9999
177
15
172
173
174
184
9999
178
15
179
181
183
9999
179
178
180
181
185
9999
180
32
179
185
9999
181
15
178
179
182
183
185
186
9999
182
15
131
132
134
135
181
183
181
186
9999
183
15
178
181
181
182
9999
184
15
174
175
177
9999
185
32
179
180
181
186
9999
186
134
181
182
185
186
9999
133
134
185
186
9999
133
186
9999