1
8
26
28
9999
2
23
24
25
26
9999
3
9999
4
1
2
9999
5
13
14
15
17
18
9999
6
8
38
9999
7
9
17
21
22
23
9999
8
1
6
28
38
9999
9
7
17
19
9999
10
9999
11
27
28
38
9999
12
13
14
9999
13
5
12
14
9999
14
5
12
13
9999
15
5
16
9999
16
5
15
9999
17
5
7
9
18
19
21
9999
18
5
17
19
9999
19
9
17
18
9999
20
9999
21
7
17
22
9999
22
7
21
23
9999
23
2
7
22
24
9999
24
2
7
23
25
9999
25
2
24
26
9999
26
1
2
4
25
27
28
9999
27
11
26
28
9999
28
1
8
11
26
27
38
9999
29
9999
30
9999
31
9999
32
9999
33
9999
34
9999
35
9999
36
9999
37
9999
38
6
8
11
28
9999
39
9999
40
9999
41
9999