172579
225064
208941
170677
175107
123628
174397
106055
112904
90783
241575
117696
296371
81819
156609
137944
104154
10823
76418
32686
21779
140959
33372
23327
15627
98958
11953
21485
19201
25513
10046
24984
73209
36747
16416
4354
20884
20108
43923
54458
31071
49154
50096
39430
15426
3039
8509
4824
4475
4928
23809
3841
15540
16108
5611
8018
5310
4064
3900
2914
5292
8812
1690
3134
2710
4656
3862
1948
1696
2276
2860
12752
5624
13120
1674
970
2473
3510
3316
18481
1056
7229
5653
3741
5352
10223
11763
3427
2074
6232
3264
2491
2525
1985
3272
1548
6177
7218
6317
3738
3070
3885
6301
9543
9882
4613
2427
1105
3565
3192
3350
4475
733
1652
4786
3367
3273
7299
1251
2680
3147
2264
2283
3586
1840
7854
3850
2706
2264
2533
18512
5179
10762
3954
4744
4852
3026
5157
19136
8702
2839
3702
1016
4338
6914
3929
2536
17355
4144
9016
7607
8391
11744
4847
4898
12103
4593
4581
21720
35130
5453
4504
4600
5897
8766
15155
3209
2714
5209
6763
22035
6838
3165
7261
6883
2459
5040
17055
9166
5574
7110
7204
2070
8542
12988
18981
4706
4964