175991
225764
209366
171214
175919
123320
174896
106603
113567
91539
240065
116103
295747
81211
155475
137893
103961
10450
76100
32354
21399
141353
32869
22897
15287
98923
11605
21237
19056
25611
9777
24842
73726
36557
16285
4215
20664
19988
43764
54652
30913
49224
49967
39432
15327
3020
8324
4739
4423
4807
23780
3829
15365
15976
5556
7926
5179
3999
3861
2854
5218
8640
1661
3068
2680
4602
3868
1906
1670
2222
2875
12632
5589
12889
1642
953
2402
3448
3289
18272
1022
7205
5521
3630
5274
10161
11578
3395
2017
6176
3175
2441
2488
1955
3203
1533
6163
7257
6254
3699
3029
3796
6336
9418
9762
4588
2411
1059
3510
3166
3282
4398
703
1629
4690
3280
3194
7186
1242
2640
3056
2214
2272
3531
1792
7733
3791
2658
2210
2522
18404
5079
10676
3901
4679
4809
2973
5058
18955
8597
2796
3629
1007
4234
6848
3936
2524
17212
4101
8910
7566
8300
11715
4754
4853
11917
4523
4535
21493
35501
5403
4447
4590
5809
8674
15257
3213
2760
5170
6701
22063
6733
3137
7195
6752
2409
4940
16995
9060
5500
7046
7149
2071
8345
12869
18996
4699
4904