179395
226692
209854
171900
177315
122769
175484
107047
114483
92027
238460
114736
295370
80583
154251
137487
103981
10113
75778
32361
21102
141667
32504
22551
14993
99255
11280
21022
18825
25448
9503
24673
74100
36306
16134
4087
20404
19869
43506
54907
30811
49301
49940
39445
15264
2977
8175
4659
4363
4672
23782
3809
15186
15852
5422
7771
5081
3949
3814
2769
5170
8496
1649
3016
2670
4546
3859
1879
1631
2183
2869
12587
5513
12645
1613
943
2336
3388
3256
18158
1019
7175
5468
3513
5211
10107
11466
3369
1979
6095
3129
2377
2451
1907
3179
1471
6123
7323
6140
3660
2958
3732
6321
9364
9673
4562
2421
1020
3435
3126
3221
4353
687
1607
4640
3218
3127
7058
1231
2628
3057
2167
2245
3475
1744
7643
3742
2604
2153
2489
18256
4994
10609
3850
4639
4755
2937
5020
18747
8472
2743
3580
1010
4164
6755
3852
2499
16967
4099
8795
7554
8244
11528
4692
4820
11846
4451
4484
21275
35810
5398
4434
4607
5771
8664
15250
3248
2788
5099
6697
22126
6615
3091
7129
6672
2389
4905
16834
9013
5449
7028
6984
2068
8237
12849
19072
4662
4890