185041
228960
211415
173715
180325
121312
176127
107805
115669
92812
234960
112189
293974
78965
152383
138884
103492
9471
74860
31874
20412
142121
31846
21811
14437
99332
10753
20650
18299
24921
9003
24099
75155
35840
15885
3803
19929
19674
43068
55396
30549
49265
49649
39276
15048
2910
7852
4416
4239
4472
23897
3733
14800
15521
5220
7441
4901
3830
3693
2652
5087
8143
1557
2915
2636
4432
3897
1849
1604
2105
2807
12489
5386
12296
1552
891
2203
3244
3178
17747
967
7054
5303
3358
5035
9919
11197
3288
1884
5949
3027
2340
2372
1862
3084
5985
7612
6029
3576
2865
3559
6374
9179
9558
4496
2406
977
3319
3052
3141
4222
661
1569
1404
4440
3102
3021
6827
1177
2558
2951
2207
3368
1692
7538
3638
2501
2041
2425
2179
17868
4805
10439
3770
4526
4632
2870
4863
18326
8281
2655
3495
978
4042
6601
3768
2364
16510
4025
8510
7387
8020
11280
4624
4797
11454
4297
4376
20790
36095
5370
4338
4575
5628
8486
15303
3271
2727
5003
6575
22367
6428
2997
6850
6465
2315
4745
16771
8763
5372
6914
6903
2052
7907
12771
19258
4617
4823