194417
234829
215827
177604
185360
120605
178457
108820
117003
93812
231487
108228
292480
76609
150278
140081
102554
8579
72872
31439
19666
143120
31013
20850
13582
99850
10103
20242
17549
24296
8419
23607
76829
35359
15417
3475
19276
19321
42549
55982
30191
49219
48992
38968
14573
2802
7367
4127
4066
4163
23923
3578
14367
15076
5012
7264
4665
3669
3497
2566
4893
7688
1453
2784
2578
4258
4094
1827
1536
2117
2675
13001
5269
11711
1478
842
2053
3038
3002
17137
927
6893
5034
3101
4827
9755
10806
3156
1786
5832
2822
2270
2255
1772
2925
5860
8031
5818
3409
2669
3451
6561
8962
9257
4317
2259
1056
3184
2868
3012
4082
620
1482
1330
4213
2931
2896
6485
1111
2465
2806
2238
3263
1629
7248
3508
2359
1948
2313
2082
17495
4552
10226
3669
4394
4428
2730
4799
17896
8085
2495
3424
984
4016
6385
3654
2279
16019
4005
8275
7197
7683
10845
4528
4765
11096
4055
4191
20257
36271
5214
4139
4511
5552
8326
15265
3264
2704
4863
6285
22607
6222
2893
6566
6279
2224
4524
16740
8568
5152
6627
6674
2057
7435
12735
19393
4450
4675