197383
235679
217466
178175
186344
120057
178802
108789
117077
93806
229532
106568
291430
75595
149088
140237
101879
8265
71983
31155
19311
143092
30523
20421
13256
99581
9842
19990
17259
23934
8150
23314
77250
35097
15207
3340
19002
19113
42287
56194
30017
49049
48875
38793
14397
2779
7185
4012
4001
4060
23808
3488
14082
14839
4974
7098
4548
3590
3432
2506
4812
7527
1408
2714
2522
4198
4177
1779
1630
2054
2622
13278
5182
11449
1479
815
1994
2962
2949
17054
926
6790
4947
2985
4743
9680
10674
3108
1748
5782
2781
2209
2204
1734
2856
5826
8128
5757
3371
2609
3351
6652
8825
9160
4229
2240
1088
3101
2835
2937
3998
605
1455
1294
4109
2884
2832
6393
1088
2413
2762
2216
3224
1587
7124
3461
2318
1918
2259
2033
17212
4461
10121
3596
4340
4397
2673
4694
17687
8005
2435
3356
977
3942
6272
3609
2265
15731
3978
8160
7122
7491
10660
4445
4767
10943
3997
4151
19849
36341
5153
4146
4481
5469
8327
15131
3226
2661
4807
6179
22455
6146
2847
6454
6147
2184
4399
16650
8431
5088
6607
6621
2039
7225
12634
19327
4409
4538