199184
237227
218821
179462
187102
119382
179505
108400
117376
94186
227362
104923
289844
74501
147759
140211
101310
7950
71362
30855
19064
142855
29994
19898
12882
99466
9607
19680
16893
23709
7926
22883
77776
34911
15019
3216
18727
18873
41840
56460
29699
48941
48716
38555
14278
2730
6993
3872
3935
3969
23907
3441
13822
14704
4825
6956
4428
3525
3388
2460
4734
7390
1378
2646
2481
4152
4272
1777
1646
1950
2585
13697
5123
11267
1469
794
1942
2874
2892
16819
1037
6662
4861
2899
4623
9566
10563
3047
1679
5715
2713
2135
2161
1708
2808
5795
8167
5654
3337
2546
3265
6735
8796
9058
4212
2201
1113
3041
2797
2886
3934
617
1414
1292
3997
2818
2767
6284
1072
2372
2700
2196
3175
1558
7066
3426
2272
1870
2233
2014
17062
4350
10001
3535
4265
4331
2635
4586
17388
7862
2400
3293
961
3895
6156
3550
2250
15541
3953
8051
6980
7384
10556
4412
4734
10781
3907
4054
19608
36350
5143
4173
4496
5425
8266
15121
3233
2667
4826
6072
22407
6043
2798
6316
6078
2151
4306
16571
8340
5012
6526
6533
2051
7109
12549
19228
4379
4447