91399
71052
52234
148657
172196
62288
208406
216768
157517
136710
196677
145301
98087
165935
107748
243000
48548
108864
42351
59933
59194
38407
32221
57881
23267
39078
46007
78302
83819
73319
76544
55110
45474
45791
26964
25961
37948
48545
35698
80048
37527
29997
24470
33245
20661
18442
6540
31472
12761
25010
26172
16180
7739
15205
11901
23450
2297
12328
11588
15737
10670
10151
8474
16544
4920
2995
21026
27438
19023
5807
6941
17404
188994
106026
51744
18372
46646
41277
25467
36414
23599
27064
12433
14495
7193
22251
5287
17652
6482
7808
21631
8513
367655
216836
40394
113529
70126
30737
21525
30297
25311
36533
27098
40284
44673
32382
22936
7645
12074
12230
2677
10739
19945
576084
111219
29694
46521
23560
58044
48027
42256
30615
27505
51882
24367
78946
42261
10589
4671
9331
14178
10030
23352
26798
3945
7148
1408
6170
5416
10141
15103
7035
26614
9774
16195
11017
17559
4453
9143
9293
3878
2140
4309
1234
3113
4025
14082
7141
373277
101559
68929
59910
68178
36968
18339
22797
20944
28109
50976
35428
30073
28574
2176
22789
9500
14965
318059
138671
109264
49959
40887
51568
18467
27920
19351
19328
9099
17886
6366
17727
15023
1135
4438
14008
9746
15422
1768
2950
5982
12127
4264
3742
481627
83796
20620
20353
45761
38132
14257
15691
81604
42138
35559
100275
26178
33548
28342
38203
34483
26090
60216
312
524
21139
9738
9727
12835
6027
8269
8406
15493
7499
5379
11094
1526
1770
8707
4958
6931
9736
5505
6086
5802
5576
4572