90316
70999
51483
148803
172475
61509
208983
222160
163823
139101
197852
149058
98153
166522
105724
243325
48611
108156
41901
59232
58156
38738
31697
58305
22995
38295
46264
79786
84337
74290
77019
56113
46229
46132
26583
25764
37160
47960
35094
80625
38064
30216
24613
33807
20852
19019
6696
32863
12494
24753
26446
16268
7527
14917
11819
23579
2203
12326
11524
15875
10540
9829
8288
16075
4766
2951
20629
27712
18583
5670
6783
17027
188879
105297
52892
18059
46577
41142
25280
36592
23384
27073
12657
14481
7239
21999
5207
17422
6325
7810
21252
8357
366229
214587
39865
113393
71059
30034
21031
29221
24786
35625
26456
39896
43785
32912
23136
7543
12041
12397
2590
10804
19320
579317
110353
29282
46508
23065
57559
47409
42129
30638
26778
51682
24097
77071
42851
10370
4677
9252
13952
9919
24319
28005
3854
6970
1406
6052
5590
10083
15071
6982
26761
9688
15831
10964
17160
4384
9109
9057
3794
2086
4227
1185
3049
3885
13941
6974
377619
100996
68914
59120
67379
36342
17929
22103
20473
27391
50412
34745
29992
28001
2102
23018
9309
14657
320668
138393
108393
49148
40446
51759
17984
27687
18963
19626
8946
17707
6243
17518
14940
1110
4373
13889
9621
15479
1683
2812
5822
11768
4113
3657
484771
83773
20195
19954
45136
37577
14037
15320
81166
41982
34812
101044
25835
32792
27980
37467
33805
25499
60449
288
506
20636
9554
9506
12569
5952
8018
8113
15148
7383
5251
11199
1460
1726
8519
4932
6788
9507
5415
6008
5760
5498
4517