89624
70612
50818
148838
172588
61099
209210
224521
166460
140941
198532
150480
98328
167428
104798
243152
48377
107877
41684
58845
57685
38838
31388
58672
22876
37849
46509
80014
84598
74893
77481
56377
46402
46203
26446
25303
36508
47654
34779
80678
38341
30290
24620
34344
21103
19380
6666
33079
12352
24683
26514
16286
7402
14760
11757
23644
2173
12315
11508
15839
10441
9663
8202
15874
4743
2902
20497
28223
18360
5674
6711
16883
188711
104766
53511
17806
46379
41132
25209
36650
23238
26914
12680
14442
7271
21825
5171
17303
6209
7851
21053
8273
364808
213775
39626
113511
71551
29704
20845
28797
24376
35245
26179
39621
43265
33089
23099
7518
12025
12412
2555
10766
19032
580780
109852
29082
46238
22806
57251
46990
41926
30712
26344
51341
23895
75994
43428
10177
4654
9179
13884
9811
24851
28591
3822
6860
1389
6028
5623
10016
14994
7053
26883
9683
15584
10868
16980
4388
8978
8977
3750
2063
4195
1181
3007
3812
13803
6878
378995
100499
68828
58723
66698
36121
17688
21777
20311
27146
50170
34346
29801
27459
2076
23062
9159
14491
321665
138189
107951
48702
40241
51575
17776
27440
18641
19636
8839
17609
6249
17379
14823
1091
4410
13776
9502
15376
1662
2760
5697
11621
4039
3572
485949
83887
19953
19760
44948
37349
13906
15049
80957
41785
34408
100886
25579
32315
27794
37232
33321
25114
60768
293
499
20443
9470
9310
12380
5934
7800
7917
14950
7298
5223
11153
1450
1694
8408
4944
6716
9460
5371
5951
5733
5424
4486