87465
70513
49585
153159
173864
59879
211647
239675
182239
152816
206432
159538
100513
171702
101798
247088
47980
108158
40939
57412
56050
39290
30453
59292
22330
36957
47450
81803
87701
78171
78875
57626
46924
48272
25837
24377
34746
46450
33281
81224
38622
30196
24736
35784
21642
22292
6668
34743
11873
24552
26403
16284
7093
14358
11639
24022
2028
12590
11522
15944
9921
9142
7875
15087
4511
2838
19883
29122
17740
5555
6489
16298
190397
103128
56133
16985
45852
40681
24894
36701
22749
26508
12749
14424
7400
21487
4949
16970
5922
7856
20368
7905
363188
211712
39061
113785
73628
28320
20132
27435
23274
33643
25153
38282
41589
33488
23558
7109
11738
12330
2359
10827
17987
591861
108827
28301
45111
22108
56394
45810
41366
30677
25107
50599
23410
73003
45517
9666
4530
8854
13770
9284
26224
30522
3679
6576
1348
5953
5709
9973
14702
7261
27348
9439
14531
10566
16107
4193
8923
8523
3555
1975
4007
1089
2917
3532
13326
6592
386662
101301
69360
57212
64399
34759
16642
20825
20056
26073
48969
33018
29453
26058
1964
23196
8721
13915
326563
137426
105814
47370
39736
51290
16955
26518
17793
20206
8490
17130
6249
17294
14653
1043
4395
13381
9124
15143
1604
2614
5354
11145
3761
3367
491862
84143
19463
18905
44870
36312
13636
14205
79680
41300
33105
101524
24775
30717
27237
36578
31913
23956
61627
299
539
19560
9168
8691
11759
5751
7211
7176
14124
7071
4959
10934
1392
1589
7949
4871
6323
9200
5172
5761
5588
5198
4428