85668
69604
49344
152396
173275
58260
210620
245649
189774
156099
209711
162837
101069
172605
99587
248158
47380
107089
40428
56167
54750
39353
29847
59455
21989
36290
47577
82625
88338
78930
78868
57818
47193
49869
25241
23815
33474
45400
32538
81460
38932
29930
24939
35770
21922
23746
6814
35604
11684
24252
26248
16129
6954
14022
11471
24094
1940
12619
11352
16040
9645
8852
7693
14570
4415
2721
19348
29756
17338
5482
6367
15927
190230
101368
56971
16596
45269
40251
24453
36588
22259
26127
12817
14405
7482
21317
4780
16764
5765
7792
19913
7622
361091
209220
38362
113319
74571
27507
19673
26551
22608
32700
24546
37437
40393
33828
23630
6946
11555
12234
2280
10831
17283
592398
107971
27800
44494
21448
55817
44913
40885
30395
24273
49772
22853
70789
46639
9194
4437
8626
13600
9063
26593
31416
3581
6362
1292
5707
5521
9416
14377
7210
26466
9163
13947
10399
15574
4049
8752
8289
3463
1913
3867
1040
2850
3352
13008
6341
388514
100360
69054
55975
62834
33927
16024
19974
19676
25520
48073
32146
29072
25292
1909
23256
8486
13602
326636
136056
103890
46240
39003
51003
16300
25906
17218
20277
8225
16801
6158
17111
14431
1014
4346
13125
8943
14882
1542
2526
5100
10743
3613
3258
491588
83622
18827
18357
44433
35430
13290
13616
78657
40784
32083
101001
24131
29644
26691
35977
30980
23063
61874
292
567
18823
8889
8327
11575
5566
6885
6806
13605
6910
4838
10665
1305
1529
7762
4851
6090
8924
5037
5590
5552
5047
4342