1
5
9999
2
7
50
49
9999
3
4
2
9999
4
3
6
1
9999
5
1
4
6
17
24
68
69
61
67
9999
6
3
7
4
5
9999
7
2
6
5
26
17
49
50
9999
8
9
12
44
46
47
48
9999
9
8
10
11
29
30
44
42
9999
10
9
11
13
14
9999
11
9
10
13
14
29
9999
12
14
8
40
9999
13
10
11
14
9999
14
10
13
12
11
40
73
82
83
9999
15
39
117
130
9999
16
21
22
23
27
35
38
58
59
60
75
82
86
9999
17
5
7
18
36
53
54
67
9999
18
17
19
28
36
37
42
43
53
55
56
63
67
9999
19
18
37
61
63
64
65
67
9999
20
22
23
39
59
73
9999
21
16
22
35
39
60
120
132
162
9999
22
16
20
21
39
59
60
9999
23
16
20
59
73
82
9999
24
5
68
69
72
9999
25
70
71
72
161
9999
26
7
50
52
54
9999
27
16
28
56
58
75
84
9999
28
18
27
30
32
41
42
56
84
9999
29
11
30
41
9999
30
9
28
29
32
41
42
9999
31
34
36
51
52
54
9999
32
28
30
42
9999
33
34
36
46
47
9999
34
31
33
36
9999
35
16
21
38
162
9999
36
17
18
31
33
34
43
47
53
54
9999
37
18
19
38
55
56
57
62
64
9999
38
16
35
37
56
57
58
162
9999
39
15
20
21
22
130
132
9999
40
12
73
74
9999
41
28
29
30
75
83
86
9999
42
9
18
28
30
32
44
9999
43
18
36
47
48
9999
44
9
42
48
9999
18
42
43
44
48
9999
46
8
33
47
9999
47
8
33
36
43
46
48
9999
48
8
43
44
47
9999
49
2
50
51
52
9999
50
2
26
49
52
9999
51
31
49
52
9999
52
26
31
49
50
51
54
9999
53
17
18
36
9999
54
7
17
26
31
36
52
9999
55
18
37
9999
56
18
27
28
37
38
58
9999
57
37
38
62
162
9999
58
16
27
38
56
9999
59
16
20
22
23
9999
60
16
21
22
9999
61
5
19
65
66
67
69
9999
62
37
57
64
65
66
69
161
162
9999
63
18
19
67
9999
64
19
37
62
65
9999
65
19
61
62
64
66
9999
66
61
62
65
69
9999
67
5
17
18
19
61
63
9999
68
5
24
9999
69
5
24
61
62
66
72
161
9999
70
25
71
161
9999
71
25
70
161
9999
72
24
25
69
161
9999
73
74
76
80
82
14
23
40
9999
74
73
76
77
78
87
40
9999
75
84
86
16
27
41
9999
76
73
74
76
78
80
89
90
9999
77
74
78
88
94
99
9999
78
74
76
77
81
88
89
91
110
9999
79
81
91
92
97
9999
80
73
74
76
90
91
9999
81
78
79
91
97
108
109
110
9999
82
73
83
86
14
16
23
9999
83
82
85
86
14
41
9999
84
75
27
28
9999
85
83
86
9999
86
75
82
83
85
16
41
9999
87
74
9999
88
77
78
94
110
9999
89
76
78
90
91
9999
90
76
80
89
91
9999
91
78
79
80
81
89
90
9999
92
79
96
97
9999
93
96
103
106
107
9999
94
98
99
109
110
112
77
88
9999
105
104
105
9999
96
93
97
104
106
92
9999
97
96
108
79
81
92
9999
98
94
99
9999
99
94
98
74
77
9999
100
101
102
9999
101
100
102
9999
102
100
101
9999
103
93
94
9999
104
105
96
9999
105
105
104
9999
106
93
96
107
9999
107
93
106
9999
108
97
109
81
9999
109
94
108
110
81
9999
110
94
109
78
81
88
9999
111
94
9999
112
94
9999
113
94
9999
114
119
120
121
122
124
127
129
134
141
142
143
144
9999
115
124
128
145
146
147
152
154
155
156
198
9999
116
149
153
155
156
185
220
9999
117
119
130
131
15
9999
118
147
148
156
207
220
9999
119
114
117
129
130
131
132
9999
120
114
121
129
132
21
162
9999
121
114
120
125
127
133
162
9999
122
114
124
9999
123
124
126
9999
124
114
115
122
128
144
146
9999
125
121
133
135
137
138
140
162
166
9999
126
123
158
9999
127
121
133
134
9999
128
115
124
141
144
145
9999
129
119
120
132
9999
130
117
119
132
15
39
9999
131
117
119
9999
132
119
120
129
130
21
39
9999
133
121
125
127
134
139
140
143
9999
134
114
127
133
143
9999
135
125
135
137
162
166
175
9999
135
135
162
175
176
9999
137
125
135
166
9999
138
125
140
145
166
200
9999
139
133
140
141
143
145
9999
140
125
133
138
139
145
9999
141
114
128
139
142
143
144
145
9999
142
114
141
143
9999
143
114
133
134
139
141
142
9999
144
114
124
128
141
9999
145
115
128
138
139
140
141
198
200
202
9999
146
115
124
9999
147
115
118
148
156
9999
148
118
147
9999
149
116
153
157
185
9999
150
151
152
153
154
157
181
192
9999
151
150
152
192
9999
152
115
150
151
154
192
198
9999
153
116
149
150
154
155
157
9999
154
115
150
152
153
155
9999
155
115
116
153
154
156
9999
156
115
116
118
147
155
220
9999
157
149
150
153
181
185
9999
158
123
9999
159
160
164
166
170
171
9999
160
159
169
171
174
9999
161
162
169
176
25
62
69
70
71
72
9999
162
161
176
21
35
38
57
62
120
121
125
135
135
9999
163
164
165
170
179
201
9999
164
159
163
165
170
9999
165
163
164
9999
166
159
170
171
175
125
135
137
138
200
9999
167
168
169
172
9999
168
167
169
172
174
9999
169
160
161
167
168
171
174
176
9999
170
159
163
164
166
200
201
9999
171
159
160
166
169
175
176
9999
172
167
168
9999
173
1
9999
174
160
168
169
9999
175
166
171
176
135
135
9999
176
161
162
169
171
175
135
9999
177
178
180
181
184
186
188
189
191
9999
178
177
180
181
183
186
187
213
214
217
9999
179
196
199
201
163
9999
180
177
178
183
186
9999
181
177
178
185
187
189
192
150
157
214
9999
182
193
195
196
199
9999
183
178
180
217
9999
184
177
188
190
191
192
193
198
199
9999
185
181
116
149
157
214
220
226
9999
186
177
178
180
9999
187
178
181
9999
188
177
184
189
192
9999
189
177
181
188
192
9999
190
184
191
193
194
9999
191
177
184
190
9999
192
181
184
188
189
198
150
151
152
9999
193
182
184
190
194
195
199
9999
194
190
193
195
9999
195
182
193
194
9999
196
179
182
199
9999
197
198
199
200
201
202
9999
198
184
192
197
199
202
115
145
152
9999
199
179
182
184
193
196
197
198
201
9999
200
197
201
202
138
145
166
170
9999
201
179
197
199
200
163
170
9999
202
197
198
200
145
9999
203
208
210
211
212
216
219
221
9999
204
210
213
214
227
228
229
231
9999
205
216
219
9999
206
207
211
9999
207
206
211
220
224
118
9999
208
203
219
9999
209
232
9999
210
203
204
214
9999
211
203
206
207
212
214
215
221
224
9999
212
203
211
215
216
9999
213
204
214
217
227
178
9999
214
204
210
211
213
221
224
226
178
181
185
9999
215
211
212
9999
216
203
205
212
219
9999
217
213
227
178
183
9999
218
235
236
237
238
9999
219
203
205
208
216
9999
220
207
224
226
116
118
156
185
9999
221
203
211
214
9999
222
203
9999
223
203
9999
224
207
211
214
220
226
9999
225
206
9999
226
214
220
224
185
9999
227
204
213
217
228
9999
228
204
227
231
9999
229
204
230
231
9999
230
229
231
9999
231
204
228
229
230
9999
232
209
233
9999
233
232
9999
234
203
9999
235
218
236
9999
236
218
235
237
9999
237
218
236
9999
238
218
9999
239
203
9999
240
241
242
9999
241
240
242
9999
242
240
241
9999
243
244
9999
244
243
9999
245
203
9999