230249
245404
109101
136378
110646
154022
67200
18346
38840
18807
17200
36443
49002
79297
5430
20755
31589
6868
10537
13001
18780
9074
12030
7408
9087
14333
16556
8042
10102
263174
86682
97636
64984
93617
58633
48099
73574
39621
42031
43982
90231
32861
18550
10549
15115
5790
6448
6655
93378
64190
127159
83384
33952
62775
76797
156461
223747
108488
121252
65484
72516
31043
152914
17584
74971
66642
44330
64230
60112
48872
50397
28572
53857
12565
13475
6927
7977
1578
4258
27301
2908
14200
2273
19946
82190
52979
54055
64479
70001
59128
50796
45213
77959
140518
61388
87210
77484
134474
85344
125810
108793
97500
139050
85788
104609
158557
85324
62080
119166
96787
71344
107532
127572
123722
31446
159761
317497
83530
280968
60422
291204
70525
119560
327084
216328
214660
81446
96160
196468
94735
101588
100380
142263
101699
59541
95410
105081
67135
48046
53374
397990
51120
44929
61938
46196
46778
23798
19971
10413
13995
35326
6391
15449
11201
13459
5488
164864
103679
91768
83405
138028
182529
183298
96349
195574
423854
380458
236268
375876
40788
77144
156565
26689
72370
213444
41721
35748
183077
67666
76741
130818
39498
87783
39213
36794
23004
56818
43108
28009
41240
35442
31766
65730
25363
19411
25988
27121
11606
15439
10592
26712
14476
16999
17541
14121
300115
57477
74490
53214
100007
49641
30017
26261
94736
57065
28853
30814
3877
17146
18948
23261
6727
7386
6385
26668
1733
1961
6620
5347
19664
18396
26307
16276
8357
16240
6164
859
1602
489
3614
1048
634
1790
2294
313111
48309
55481
26126
21117
67284
26928
55863
39936
9748
16330
4549
3467
11590
6447
23129
6828
6214
5924
7677
11467
9073
19908
12152
4383
15210
3008
2970
441
16739