229510
246898
108683
136229
111469
154418
67129
17844
38877
18301
16661
36478
48029
78424
5443
20754
31902
7192
10739
12818
18800
8918
12141
7334
8803
13802
16137
7895
9930
267930
87477
97439
65198
96282
59777
48422
73533
40071
42308
43670
90601
32632
18344
10431
15518
5859
6331
6529
92517
63821
126521
84145
33014
63603
76703
156968
223268
108327
120587
65222
71584
30518
153805
17302
74614
66206
44056
64473
60115
49656
49636
28381
55039
12513
13258
6768
7893
1520
4127
27987
2816
13809
2225
19689
83330
55154
54909
66961
69531
58092
52592
47207
77989
140168
62078
86998
77021
134263
85152
125592
107918
95847
140138
86104
104413
158576
88688
66115
119705
98410
71115
108244
126260
124371
31562
159705
317916
83698
281027
60129
290941
70663
119421
328153
218011
214689
81427
95472
196361
94190
100937
99762
144441
103180
58928
94472
104053
67131
47824
53692
397982
50909
44912
62056
46155
46811
24247
19669
10204
13994
35411
6424
15027
11217
13370
5302
166018
104591
91236
82911
137496
183026
184247
98137
197099
425685
380105
237330
378122
40006
77377
157736
26154
71504
215121
41451
35412
185084
67160
76399
130647
39565
89670
38577
36458
22535
56236
42514
27585
40559
34789
31682
65389
25456
18997
25890
27259
11396
15362
10439
26829
14156
16632
17080
13807
300479
57415
74011
53055
100511
49149
29440
25579
95727
58170
28976
29980
3735
16952
18813
23226
6679
7248
6322
26739
1666
1861
6473
5248
19451
18623
26655
16049
7963
16068
5922
803
1534
480
3492
990
615
1698
2124
312078
47396
55244
25718
20989
66471
26615
55424
40738
9397
15876
4424
3365
11339
6396
22816
6712
6238
5703
7573
11377
8928
19747
12119
4231
14871
2949
2854
443
16319