228874
247185
108292
136055
111868
154764
67037
17509
39020
18019
16354
36576
47533
77981
5376
20795
32091
7267
10899
12762
18768
8850
12155
7276
8696
13539
15843
7795
9846
269665
87905
97069
65283
97275
60218
49233
73449
40187
42245
43359
90750
32504
18291
10336
15688
5851
6276
6495
91933
63754
126442
84750
32672
63881
76868
157472
223128
107900
120685
65276
70802
30141
153610
17098
74483
65805
43795
64390
59992
50195
49193
28253
55441
12528
13154
6700
7874
1487
4064
28146
2778
13721
2177
19564
83558
56062
55331
68392
69028
57531
53734
47778
77771
140771
62349
86435
76447
134087
85587
125666
107569
95119
140399
86579
103887
158361
90707
67815
119351
98501
71087
108905
125670
125285
31764
159624
318604
83174
282399
60065
290163
70737
119042
327901
218972
214534
81339
95001
196628
93902
100499
99414
144943
104141
58607
93893
103559
67623
47415
53555
397759
50746
44906
61987
46163
46674
24639
19420
10098
13916
35307
6425
14800
11200
13299
5230
166724
104784
90771
82468
136843
183075
183947
99055
197918
426290
379303
237612
378611
39610
77853
158198
25919
70977
215987
41225
35247
186123
66778
76162
130376
39521
90276
38316
36348
22143
55848
42227
27377
40120
34483
31761
65140
25427
18794
25890
27536
11247
15443
10308
26921
14029
16385
16873
13618
299922
57295
73785
52809
100652
48980
29042
25241
96250
58684
29095
29584
3655
16866
18891
23143
6655
7250
6222
26622
1616
1816
6402
5171
19478
18638
26862
15996
7829
15929
5772
784
1496
465
3405
962
599
1625
2056
311667
46857
55015
25582
20864
66062
26424
55154
41046
9201
15769
4365
3267
11206
6324
22644
6643
6242
5595
7529
11282
8847
19613
12185
4139
14602
2942
2794
437
16034