233992
253594
108681
139005
114637
160599
67314
17290
40380
17890
16103
37513
47176
80697
5638
21137
32962
7440
11408
12796
18911
8813
12333
7217
8694
13287
15749
7700
9680
274577
89851
98895
66244
100088
61257
50479
75307
40583
44071
43433
92906
32791
18472
10317
16383
5923
6236
6411
94003
65770
131397
87198
33434
65926
82317
162574
229634
109523
123342
65811
70959
30143
155661
17027
74854
65870
44015
65035
60404
51322
49014
28460
56251
12591
13455
6739
7948
1447
3984
28462
2761
13699
2129
19531
86367
58356
56715
72381
70440
57991
58055
54125
80196
145585
68551
111144
77910
138108
87870
128261
109800
100229
145994
88491
106125
164573
96301
76338
122673
99673
71665
110702
126927
126973
32155
161285
323863
84215
288263
60978
292388
71239
121055
331055
221640
219850
82277
95491
198897
93876
101267
101130
146842
107130
59441
94413
105452
68537
47558
53914
412683
51075
45463
62255
46467
46811
24995
19178
9988
14382
35501
6659
14710
11265
13321
5138
171993
108648
94105
87809
139658
185549
185576
110681
200605
435504
389055
240671
385631
39454
79413
161568
26034
71066
218429
41269
35285
189453
67247
76731
131741
39963
91723
38749
36604
21858
56143
42013
27298
39871
34251
32228
65200
25438
18737
26055
27969
11200
15686
10209
27113
13960
16238
16719
13510
301966
57458
74208
53429
101771
49324
28914
25035
97132
59748
29418
29267
3573
16711
18954
23177
6714
7348
6142
26928
1569
1788
6303
5060
19452
19013
27139
15985
7701
15952
5636
762
1457
441
3301
933
580
1567
1993
313786
46644
54941
25408
20858
65906
26232
55075
41495
9026
15653
4255
3147
11061
6294
22604
6539
6275
5490
7453
11219
8781
19523
12230
4061
14559
2950
2767
431
15783