232799
254425
107422
137539
115745
160856
66504
16559
40394
17129
15371
37563
45432
78926
5456
20871
33289
7752
11734
12464
18849
8492
12544
7065
8197
12457
14916
7585
9508
276210
90567
97483
66384
103560
62575
51648
74727
40647
44198
42668
92296
32424
18167
9998
16366
5882
6108
6300
93700
65971
130955
88842
32491
66662
83373
163394
229588
109334
123335
65048
69855
29316
154348
16371
74138
65077
44547
65361
59783
52919
47853
27736
57814
12694
13328
6583
7898
1346
3730
29247
2607
13109
2013
18967
86256
60001
56675
77505
69591
56538
60449
58083
79811
145248
68467
109472
77279
139333
89318
128776
109685
97313
148002
89215
104292
163895
103376
83449
122997
100157
71564
111177
123554
128348
32062
160696
328127
84051
296300
60810
291671
70974
120989
327704
223829
220363
82231
94493
197544
91968
100478
100542
147714
108580
58735
93319
104483
69857
47074
53935
410891
50822
45113
62751
46689
46394
24828
18368
9525
14163
35359
6705
14102
11103
13094
4876
173504
109356
93868
86356
138372
184246
182923
113076
199572
436074
387490
242909
389254
38401
79504
163123
25621
69617
218036
40796
34572
190070
66203
76110
131457
39496
92423
37853
35878
21067
54912
41004
26433
38732
33086
32410
64254
25328
18216
25918
27949
10782
15794
9969
27033
13396
15557
16039
13045
301132
56875
73349
53297
101440
48856
27775
23900
97159
60796
29566
27882
3366
16460
19185
23029
6574
7293
6025
26786
1426
1673
6083
4913
19118
19281
27736
15562
7131
15483
5306
712
1368
410
3117
890
529
1463
1801
311219
45194
54081
24695
20302
64167
25524
54273
42364
8484
15122
4026
2934
10644
6108
22396
6358
6310
5247
7172
10882
8482
18995
12524
3808
13980
2885
2596
415
15103