232199
254815
106934
137015
115947
161335
66179
16302
40337
16856
15228
37447
44923
78506
5472
20889
33491
7871
11822
12365
18908
8381
12553
6997
8019
12212
14623
7465
9395
276795
90785
97044
66378
104686
63339
52242
74557
40738
44422
42239
92380
32352
17995
9996
16417
5880
5957
6245
93448
65997
130892
89733
32063
66542
83815
163621
229713
109226
123253
64764
69261
28989
153970
16143
73832
64649
45270
65484
59529
53525
47280
27615
58477
12860
13283
6478
7853
1326
3678
29354
2578
12863
1963
18760
87385
60761
56582
79910
69245
56270
61345
58925
80089
145532
68931
109455
77147
139995
89508
128681
109774
96512
149663
89582
104060
163760
105135
85033
123266
100306
71570
111716
122015
128730
31947
160362
329241
84544
298602
60821
291339
70871
120882
330565
225042
220432
82450
94110
196661
91281
100446
100141
148210
109376
58465
93015
104313
69911
47242
53741
409819
50737
45029
62891
46895
46177
24811
18129
9332
14142
35378
6741
13959
11073
13080
4802
173739
109681
93838
85969
137561
183781
181964
115184
199666
436275
387432
243675
390316
38037
79206
163467
25481
69015
217935
40514
34338
190649
65962
75725
131312
39438
92685
37733
35647
20786
54472
40608
26166
38314
32594
32737
63967
25408
18026
25827
27976
10778
15795
9908
27045
13229
15230
15733
12846
300392
56591
73043
52915
101293
48613
27262
23601
97192
61374
29665
27402
3311
16388
19226
23059
6532
7260
6060
26730
1392
1636
5969
4879
19080
19396
27808
15455
6939
15275
5153
691
1325
391
3036
864
509
1410
1741
309951
44690
53636
24411
20122
63529
25133
53815
42665
8307
14871
3953
2864
10443
6025
22284
6282
6318
5193
7090
10854
8370
18774
12558
3730
13758
2847
2539
407
14855