90967
70990
51781
148953
172294
61810
208519
219054
160697
138086
196740
147030
97943
166404
106768
243126
48625
108582
42024
59542
58721
38506
31973
58165
23157
38708
46168
79254
83855
73554
76635
55574
45830
45948
26774
25936
37435
48100
35408
80306
37857
30151
24586
33601
20757
18578
6649
32137
12656
24807
26255
16233
7621
15057
11846
23543
2241
12349
11542
15832
10629
10002
8388
16269
4857
2966
20849
27411
18714
5710
6867
17173
188836
105626
52616
18201
46731
41162
25357
36512
23456
27074
12547
14474
7199
22214
5231
17507
6427
7810
21420
8429
366953
215462
40122
113323
70533
30419
21307
29730
24961
35970
26743
40093
44242
32579
23106
7560
12041
12265
2615
10789
19598
578296
110813
29445
46651
23285
57823
47706
42229
30603
27142
51671
24257
78076
42557
10486
4655
9289
14059
9979
23845
27404
3909
7039
1411
6082
5493
10147
15030
7031
26688
9705
15958
11006
17346
4427
9173
9156
3835
2120
4275
1202
3074
3962
14027
7041
375547
101263
69046
59407
67638
36657
18141
22467
20705
27802
50837
35105
29930
28270
2157
22907
9400
14817
319355
138273
108817
49463
40647
51704
18196
27785
19167
19472
9014
17841
6261
17715
14905
1102
4403
13911
9724
15440
1735
2889
5930
11948
4216
3691
482597
83580
20404
20156
45446
37824
14065
15474
81384
42031
35110
100636
25991
33140
28143
37780
34069
25873
60322
302
528
20897
9648
9629
12689
5967
8184
8259
15263
7433
5268
11069
1490
1738
8602
4940
6850
9580
5429
6010
5778
5551
4530