88796
70375
50215
149190
173135
60656
209308
226891
169210
143730
199610
152010
98548
168161
104019
243177
48121
107411
41430
58503
57120
38861
31070
58658
22717
37517
46739
80522
85246
75484
77800
56513
46788
46394
26224
24987
35963
47269
34377
80662
38316
30343
24586
34869
21146
19904
6622
33340
12173
24574
26426
16331
7327
14619
11729
23699
2124
12324
11476
15780
10336
9545
8069
15638
4693
2881
20299
28310
18194
5677
6657
16751
189063
104277
54197
17570
46173
40946
25176
36573
23155
26791
12683
14458
7353
21690
5124
17266
6146
7879
20820
8187
363678
213021
39531
113463
71957
29304
20694
28376
24109
34760
25874
39147
42765
33142
23172
7403
11967
12348
2503
10811
18753
582361
109379
28837
45860
22604
57018
46515
41842
30609
26022
51127
23740
75186
43947
10053
4645
9083
13764
9704
25177
29174
3774
6813
1399
6023
5673
10065
14859
7108
26929
9663
15268
10854
16776
4334
8950
8832
3734
2039
4136
1160
2969
3739
13680
6747
380468
99984
69062
58309
66076
35733
17369
21419
20177
26708
49865
33997
29629
26987
2039
23121
9021
14352
322895
137769
107360
48315
40026
51523
17541
27189
18417
19782
8724
17369
6236
17297
14781
1084
4377
13744
9343
15295
1646
2760
5574
11481
3924
3519
487320
83673
19724
19502
44910
37044
13789
14807
80500
41536
34038
100986
25393
31854
27598
36939
32929
24850
61007
285
510
20171
9376
9193
12272
5884
7653
7705
14749
7225
5144
11136
1414
1663
8325
4918
6627
9347
5309
5885
5649
5386
4444