88889
70681
50144
152795
174553
60973
211625
234902
176585
149009
204576
155811
99397
170011
103425
245725
48334
108414
41357
58214
56926
39156
30954
59079
22684
37614
47003
81399
86445
77070
78331
56983
47262
47148
26160
24869
35599
47205
34014
81029
38386
30374
24694
35440
21533
20966
6616
33898
12154
24652
26562
16358
7291
14586
11792
23799
2091
12464
11620
15878
10203
9373
8008
15467
4622
2854
20158
29072
18055
5602
6640
16694
190030
104261
55405
17443
46215
40867
25152
36702
23045
26797
12736
14384
7420
21670
5074
17200
6037
7839
20724
8057
364546
213247
39452
113874
72713
29012
20496
28118
23800
34277
25826
39084
42402
33265
23480
7304
11825
12348
2470
10780
18476
588338
109618
28661
45586
22454
56781
46407
41856
30545
25702
51024
23656
74274
44505
9923
4603
9042
13855
9542
25757
29813
3687
6764
1382
5976
5674
10031
14785
7160
27031
9588
15038
10695
16524
4259
8952
8710
3688
2012
4092
1124
2948
3655
13590
6713
384201
102174
69400
57997
65631
35386
17129
21258
20240
26398
49687
33713
29593
26700
1996
23304
8940
14222
324856
137837
106873
48110
40085
51419
17369
27007
18152
19967
8642
17272
6225
17310
14721
1072
4366
13586
9245
15184
1616
2723
5523
11296
3853
3458
490034
83569
19816
19282
45017
36900
13700
14536
80315
41450
33802
101328
25157
31426
27538
36725
32587
24529
61126
275
513
19939
9354
8997
12205
5835
7483
7516
14556
7166
5044
11116
1387
1635
8167
4896
6469
9235
5252
5798
5752
5294
4433