88416
70709
49904
153227
174579
60531
211869
237646
179151
151117
205813
157621
99806
170695
102758
246411
48131
108319
41192
57866
56479
39094
30765
59207
22568
37409
47356
81582
86950
77588
78582
57397
47063
47602
26081
24744
35215
46949
33742
81214
38427
30326
24738
35618
21595
21384
6649
34368
12025
24610
26513
16363
7198
14484
11699
23908
2064
12509
11565
15978
10106
9280
7906
15361
4586
2825
20024
29156
17904
5575
6559
16579
190439
103899
55840
17247
46077
40813
25064
36678
22938
26780
12781
14450
7447
21576
5059
17088
5988
7840
20605
8008
364691
212876
39376
113954
73264
28775
20350
27907
23638
34222
25576
38807
42169
33398
23560
7248
11808
12359
2417
10744
18259
590552
109406
28622
45456
22322
56892
46298
41615
30621
25561
50943
23633
74076
44934
9824
4545
8981
13783
9437
25957
30131
3670
6635
1356
5999
5685
10042
14756
7212
27173
9544
14830
10618
16361
4233
9012
8627
3611
1989
4027
1114
2952
3618
13545
6679
386046
101907
69454
57762
65258
35119
16941
21119
20159
26273
49426
33450
29634
26447
1991
23206
8884
14100
326057
138189
106643
47835
40048
51451
17231
26810
18095
20107
8626
17213
6225
17382
14750
1070
4394
13539
9189
15228
1613
2683
5473
11276
3825
3433
491508
84293
19696
19131
45154
36729
13741
14330
80167
41474
33488
101779
25049
31260
27546
36856
32418
24308
61440
293
528
19808
9256
8868
12101
5799
7396
7386
14385
7125
4991
11084
1397
1615
8121
4955
6435
9300
5223
5819
5623
5271
4442