86429
70098
49643
152638
173521
58971
211018
241970
185819
154540
208504
161033
100713
172724
100667
247647
47757
107493
40595
56799
55306
39330
30139
59207
22130
36648
47348
82019
88323
78501
78752
57741
47065
48973
25500
24043
34120
45765
32947
81279
38705
30068
24859
35629
21797
23236
6675
35163
11702
24373
26367
16226
7057
14148
11582
24048
1986
12537
11436
16068
9790
9005
7784
14801
4463
2759
19540
29202
17540
5502
6437
16148
190407
102228
56328
16751
45401
40454
24673
36716
22475
26271
12795
14420
7419
21355
4881
16904
5828
7849
20098
7775
363298
210574
38664
113653
74109
27921
19924
27014
22866
33177
24836
37818
40928
33655
23440
7028
11668
12294
2305
10835
17578
592805
108205
28016
44820
21736
56000
45230
41087
30671
24639
50186
23185
71903
45960
9389
4486
8743
13701
9169
26441
31062
3623
6451
1329
5824
5684
9853
14711
7314
27561
9305
14202
10475
15832
4104
8842
8405
3511
1924
3931
1055
2862
3433
13198
6474
387608
101016
69280
56461
63719
34310
16331
20344
19867
25828
48456
32585
29260
25594
1949
23153
8582
13755
327055
136792
104747
46861
39420
51084
16579
26178
17473
20236
8357
16965
6211
17239
14585
1021
4400
13233
8998
15041
1561
2565
5241
10939
3647
3307
491444
83840
19164
18645
44582
35906
13452
13902
79076
41026
32685
101144
24463
30122
26956
36264
31527
23502
61644
303
546
19244
9010
8507
11790
5644
7048
6989
13877
6977
4922
10793
1353
1567
7879
4869
6199
9065
5115
5649
5566
5107
4394