213782
161123
116167
118000
66772
42824
62949
36176
52164
50027
26872
40543
65983
93015
64025
156357
124109
53081
25088
45673
39538
45884
91318
46261
39532
36479
39468
71304
32745
42907
35308
42626
29079
15482
18762
28922
18487
14591
37984
9058
19129
8083
21313
15578
406456
129215
137301
101740
83866
77645
126265
63848
60541
28917
91880
34199
25731
47072
24585
20444
13610
10128
13872
32360
21466
11240
24749
22972
16426
277028
296535
104973
157731
167927
43526
63325
70960
56672
43413
52572
42173
11510
14706
1257
2477
8632
2647
11785
15739
5327
8670
6070
3377
14154
4459
3023
6358
19161
28606
13227
9360
9487
28413
22498
67362
107175
87504
123305
75094
72944
116031
135195
85377
90593
269834
165355
447234
71456
56761
275663
67718
93815
64438
71875
195522
129537
45926
96470
116917
180436
190817
256071
57343
91290
119699
100257
55836
60214
125132
61216
109193
57229
62782
84733
104255
52871
80319
44847
55749
45798
50157
84068
57511
31737
29894
30489
10839
12876
15788
28871
18430
17873
13502
10988
7572
9426
6796
11724
3118
9798
11774
24273
30243
27913
38443
24632
152695
145284
122160
121366
89357
116465
60950
378103
479978
42320
101986
388986
126195
77501
99957
144316
48265
56626
128284
315109
18220
227695
128133
148247
110808
30867
86426
73574
41988
124070
70750
48542
60051
65910
45902
40701
38161
34025
72003
48353
36274
17895
20080
5507
14006
13388
40666
16058
6781
21805
10219
6607
12344
11043
6929
8433
9308
7052
8317
39125
93671
169390
246939
160247
142761
200656
366241
298631
218891
568790
705644
174470
265262
457127
214441
276171
155648
435495
567959
523161
357958
524315
442395
142468
114903
146451
112381
196343
90786
178387
335980
92121
145167
143234
120340
95709
59712
48189
64572
66365
59445
93538
54642
120636
63606
44534
65008
156686
27024
13339
2554
5855
7325
252
2618
1622
2540
224
7151
136
1877
217782
185856
76854
111424
163668
167197
136275
170842
261595
217480
181423
205882
138843
102175
103282
124452
232687
140870
171481
121863
179879
168805
163561
168009
129874
352134
209954
148990
324775
161317
188842
50221
561208
42095
131264
176864
179831
78800
101460
102449
36049
65298
27435
38146
28076
24943
8207
14250
10212
10450
12557
11505
7440
23335
33255
2783