214794
160573
116558
118052
66491
42920
63336
36132
52025
49619
26661
40271
66047
92944
64939
158534
124963
53381
25122
47136
39285
45888
90942
46099
39351
36211
39259
71847
32513
42760
36062
42602
28990
15399
18635
29234
18224
14510
38040
8938
18978
8057
21230
15538
408607
128685
137134
101419
83747
76992
127320
63948
60487
28852
92712
34539
25615
47233
24591
20470
13439
10177
13858
32381
21504
11134
24633
23093
16342
277175
298174
103989
158659
168682
43289
63393
70856
56482
43234
52339
42219
11565
14881
1229
2418
8455
2572
11715
15603
5259
8651
6029
3395
13997
4428
2981
6312
18981
28800
13229
9398
9484
28412
22478
67681
108860
88281
124038
76037
74038
116865
137324
86334
91235
272371
165649
451302
71225
56432
276597
67833
94513
64635
72074
195317
129353
45884
96990
117070
181169
192077
258718
57710
92451
120619
101096
56687
60784
126406
61375
109813
57395
64033
85082
105229
52946
80912
45157
55955
46320
50754
84391
57902
32326
30198
30411
10745
13118
15753
28772
18408
17787
13401
10878
7520
9378
6741
11584
3029
9674
11719
24377
30115
27823
38620
24709
155492
145560
123663
122245
91257
116589
60119
380954
485456
42264
103071
391991
127007
77582
101407
145140
48467
56553
128914
318950
17973
228249
130059
150134
111215
30796
87236
73613
41848
126011
71201
48750
60283
67859
46975
40843
37757
33809
71587
48033
36193
17807
19898
5511
13859
13174
41104
15880
6724
21681
10304
6580
12315
11008
6908
8353
9242
7082
8170
39590
96767
172446
249450
161904
145061
202829
373902
301273
219482
572869
708396
173713
265558
459455
216071
277678
157708
438750
572273
529122
359202
526743
446438
143448
115303
147444
112306
198125
90910
180481
338563
92866
145944
143853
121715
96710
60103
48095
64658
66661
59626
93982
55245
121239
64818
44675
65262
157637
27062
13524
2506
5771
7293
243
2603
1638
2513
233
7040
126
1895
218866
187735
77772
112782
164242
167554
136045
170982
263765
219056
181664
206628
139830
102316
103608
125025
234372
145986
173669
124323
183822
170241
165443
169295
131942
351878
210123
148944
327302
161446
190709
50232
565210
41957
132252
177578
181200
79101
101994
103390
36024
65703
27614
38405
28135
24993
8261
14274
10159
10358
12622
11401
7373
23226
33292
2798