217531
158600
117240
117971
65455
42597
63767
36003
51565
48550
26093
39337
65211
92336
66868
160889
126250
54592
24652
49560
38453
45873
89648
45538
38242
35737
38313
72977
31671
41970
37996
42625
28443
14916
18281
30007
17474
14117
38113
8657
18536
7902
20910
15213
412546
126596
135733
100656
83136
75298
128996
63710
60067
28581
94448
35235
24819
47720
24704
20252
12829
10108
13598
32296
21620
10794
24470
22915
15918
276242
300606
101324
160407
170096
42538
63009
69481
55927
42422
51824
41913
11709
15444
1202
2222
8005
2321
11495
15129
5150
8596
5876
3280
13506
4247
2916
6201
18258
29184
13057
9362
9492
28303
22356
69145
113617
91101
127061
77192
75621
118611
139647
89387
91453
279064
165410
456424
70609
55382
279423
67625
94943
64196
72694
196497
128678
45719
98111
117498
183312
194430
264095
58370
96585
121335
103454
57782
62099
129664
61868
127663
57321
66055
86675
107831
52747
81405
45028
56271
46916
52585
86271
33424
30766
29859
10619
13636
15380
28413
18190
17551
13102
10685
7372
9110
6561
11130
2861
9611
11582
24566
29704
27706
41309
38633
24676
159819
145364
125302
123368
95541
115949
58041
380055
494004
41841
105646
393403
127494
76717
102747
146290
48634
56056
130966
324187
17347
228990
135226
151748
110220
30136
89489
73584
41087
125621
72869
49419
60309
72033
48570
40244
36708
33151
70029
47256
35433
17573
19318
5445
13422
12775
41905
15423
6569
21286
10332
6423
12356
10710
6694
8013
8932
7105
7823
41650
104777
179948
252654
165350
149544
207086
385272
306078
221157
575337
714286
176957
265060
458379
219615
276074
161468
441025
576275
536471
362513
529003
453227
144483
116052
147470
113137
201313
91905
182032
342332
94810
147680
144363
123785
96091
60436
47432
64420
67948
60158
94126
56193
120124
67096
45297
65860
160518
27166
13899
2325
5362
7006
257
2535
1571
2417
238
6872
137
1984
222941
189046
79722
114002
163909
166772
135065
169069
268333
220402
180701
206601
141099
101971
103149
125687
239507
153642
175767
126733
188708
174384
166660
174767
135539
573182
348796
210448
148862
335619
161648
192911
50197
40976
133574
178092
185267
79964
102912
104930
36076
66396
27639
38563
27817
25068
8147
13895
10002
10032
12846
11057
7200
22944
33103
2702