223819
154032
119114
119688
64412
43531
64700
36515
52963
46437
24977
37832
64644
92236
69547
180108
129106
55982
24280
52533
36980
46003
88793
45972
36820
35479
36676
76520
30796
42481
41294
43053
27910
14725
17484
30385
16043
13438
39035
8079
18896
7563
20927
14643
425929
126713
136134
100583
82252
72356
135891
65804
59890
27909
96393
35781
23621
48801
25090
19748
11825
10023
13145
32801
21704
10070
24553
22380
14893
279533
307179
98176
170956
180298
41453
63711
67469
55507
41472
50421
42146
11965
16420
1091
1901
7151
1928
11292
14383
4901
8371
5706
3088
12620
3974
2748
6266
17156
30236
12681
9530
9589
34010
22373
72236
118389
96555
132508
81523
78930
128876
149125
96348
93125
290315
166315
490781
69591
53878
286068
67843
95173
65533
74896
198622
129145
46272
99526
119000
188109
203211
277732
62865
109481
123507
111214
61828
66288
135008
62626
129599
56948
71771
90787
115243
52393
83767
44566
57823
46861
56996
92494
43248
34880
31280
29526
10232
14489
15315
27219
17623
16997
12495
10142
7099
8504
6218
10347
2625
9505
11645
25417
29174
28607
38350
24601
170456
147914
130066
125897
101366
120414
55998
400969
518193
40882
110251
409969
128593
77018
107506
148045
50334
56024
140237
339656
16326
232557
146533
158883
110255
29192
90689
72704
39746
133665
75632
50890
60745
77535
50641
42029
34724
31943
67620
45761
34172
42235
17749
18537
5355
13045
12350
14614
6419
20709
10300
6215
12333
10187
6347
7385
8335
6891
7303
50189
126832
209897
298106
180920
170121
228001
423347
327778
235362
610276
752821
193987
286769
482365
250243
298399
180674
473753
603081
569889
383399
565721
465903
150961
121760
153761
113760
210513
93485
191193
351170
99706
155484
150924
124939
100499
63060
49633
68126
70338
61476
96745
58040
124412
70981
46038
66724
165859
27833
13928
2081
4767
6695
255
2348
1523
2275
243
6462
139
2060
239317
198603
83818
129280
170301
172569
140848
167575
283352
225850
180117
206778
146485
102575
101593
127570
248854
163712
192744
135940
204783
185582
173483
183392
141717
593631
344317
213250
147899
349471
161801
197581
50355
39061
135190
185010
194329
82654
106876
108039
35879
69210
27367
39631
27753
24638
8142
13846
9681
9374
13732
10639
6692
22294
34093
2588